# Antenna elements layout
# Station label: stn.017.C17
# Number of antennas: 256
# Station diameter: 35.00 [m]
# Antenna minimum separation: 1.50 [m]
# X[m]  Y[m]
5.070941470397638540e+00 3.217860811512604613e+00
-9.039596238145787055e+00 3.011251442643590792e+00
-1.028572666232100019e+01 -5.728942995292815255e+00
5.013017145597835622e-01 8.369538271115086303e+00
5.098966768620030621e+00 5.952494309708178832e+00
-8.359608288624510664e+00 1.154045452435672559e+01
-9.586944673788266869e-01 -5.494289948171219962e+00
1.038816390558640279e+00 -7.314199230223664472e+00
1.249178653679764039e+01 -4.712042793898890025e+00
-5.032279077118126054e+00 1.313332346409168139e+01
-3.067011610813455746e+00 -6.893291233877825164e+00
-6.300948356081295998e+00 -1.308908364879194153e+01
4.385207082178528282e+00 1.299328585246197321e+00
6.701637538665277560e+00 -1.073548653616620285e+01
1.289040518456942053e+01 4.524291917859226686e+00
-7.919096400221880216e+00 -2.035098764805047367e+00
9.210058493216912723e-01 -1.320003123490728214e+01
-7.289056922881247402e+00 1.822651733725852097e+00
-1.796393465088721442e+00 -8.939732399890388592e+00
-2.624076397371039704e+00 1.385180923286102939e+01
8.692582653739030718e+00 1.271216302820248600e+01
1.004609086119288719e+01 -2.715404909076937656e+00
-3.046699164365936241e+00 1.170805817830181894e+01
9.512831662451795012e-01 1.176805769398912105e+01
5.920168731693639330e+00 -7.886943777408522038e+00
-7.996347043225012996e+00 -9.587911718299213959e+00
1.185251952025294031e+01 -6.070604141088043804e+00
-6.869681061628375218e+00 1.293197331156747154e+01
-1.322909280685572853e+01 1.797796614571478102e+00
-9.654454478501602210e+00 5.971979441909621045e+00
1.586201743798711306e+01 -3.972737684524748403e+00
6.986445517884650513e+00 -3.452424633567016343e+00
-1.509074100947017882e+01 6.351444879103009811e+00
-2.861927320093659688e+00 -3.741015596689582168e+00
-1.015091692038961213e+00 3.444482245881815174e+00
2.152697501146015213e+00 -1.938883257414525829e+00
-6.919725526357410672e+00 -6.140700171110371031e+00
2.866505039511544339e-01 -9.325584270135413689e+00
-3.420307697732656749e+00 6.847334574784255778e+00
7.830556969052366867e-01 -4.858889161083739694e+00
4.268389162158673145e+00 8.588006328155575630e+00
-1.263477410301830517e+01 -6.976536962632810202e+00
7.839689556401022941e+00 -8.219855539289689261e+00
-1.490383161268013623e+00 -1.361491392411604373e+01
1.290765355835602790e+01 9.355061389212387724e+00
7.832086034709238476e+00 7.333086405385390805e+00
5.794386888084869014e+00 -5.533971961866457789e+00
1.156176164460833533e+01 -8.998352561119745019e+00
-8.467763150278265982e+00 9.211804345088236090e+00
4.193365385198646322e+00 -5.927849274263554236e+00
-5.657946378876163251e+00 -8.195026018325210160e+00
-6.189638659870603021e+00 7.394986157745542243e-01
1.632340820385439173e+01 -1.762047845330211970e+00
6.764694557308246203e+00 1.040698386674018039e+01
1.146405626845371728e+01 -8.092051335386223343e-01
3.460941227900509176e+00 -9.050489658981426544e-01
-1.282700770146209024e+01 -5.650024164734013254e-01
1.211428371584196384e+01 1.713871073746986440e+00
2.553616941004051455e+00 8.222446098664988767e+00
-8.495287678368868001e-01 -7.391194180599150343e+00
-3.965109071667415108e+00 9.443203129969138132e+00
-3.261992698880362695e-01 -3.022316779523530172e+00
2.758692612540205147e+00 1.522157111925565687e+01
7.903392247662257120e+00 -1.349148991206282844e+01
-9.021900291473121669e+00 -6.817613946986121221e+00
-1.142131467670993317e+01 -2.355697805997751360e+00
-1.565933720522738426e+01 -2.781121021652028347e+00
1.043553663986791236e+01 1.139297083886042472e+01
1.064304947153765468e+01 2.874474552759025414e+00
-9.770158217422885372e+00 -1.147054606101679752e+00
-9.014241354899608538e+00 -1.390382685652065042e+01
4.430022035197559660e+00 1.186399023128139874e+01
-3.064575271400208578e+00 1.596392732394779301e+00
1.614593893000130720e+01 5.285143867497019698e-01
4.795744580207315977e+00 -1.429943732275009616e+01
-1.202513601015820832e+01 8.517282178617588073e+00
-4.357368849582208270e+00 -3.450856984580155995e+00
-4.076657078380739208e+00 -8.602780331399582536e+00
-3.275950608449971213e+00 3.553496838401990487e+00
-1.055848413295843002e+01 1.054858850106108648e+01
5.698592409533521419e+00 -1.554873897076897293e+01
1.537261274717683079e+01 3.764961094256932483e+00
-6.503202390901158481e+00 5.589545980406377623e+00
-1.088122741365013546e+01 -9.904606056081473042e+00
-3.285129985484893211e+00 -1.525721043306551117e+01
4.184784196498718245e+00 -1.572187361194817434e+01
-1.492203717578411037e+01 -1.183538236393747667e+00
-1.497344741934954371e+01 3.811152427296065071e+00
1.019027533939459573e+01 -6.877553288021292843e+00
6.368464074561629218e+00 2.374014341176039267e+00
8.814880652366667846e-01 1.527784969979123275e+01
1.258416068271746369e+01 7.632143700281169174e+00
3.275999570795249838e+00 -3.141812550677347105e+00
7.756135955953194383e+00 -1.583740375413960066e-01
1.403307262556031176e+01 -3.213060239778920746e+00
-8.061351862246167954e+00 4.461080459154018740e+00
1.056539176146944570e+01 -5.163450300687985717e+00
-1.660408769012740038e-01 -1.607715153690507748e+01
1.546587071734735019e+01 -5.452727395199959304e+00
-8.386865907187431191e+00 -4.894228000277635715e+00
-5.770076972400506321e+00 1.004208565899268280e+01
8.875870776126205897e+00 9.069598571041069590e+00
2.479616509805659064e+00 -4.480585637039135705e+00
1.658241417199189272e+00 5.584572005745805257e+00
-1.902911524202366422e-02 1.671915265125227990e+01
-1.220770741420532701e+01 -1.129009132032183160e+01
1.170845820781500990e+01 -1.104097594528022697e+01
1.014125623468439485e+01 1.394853024797239271e+00
-1.095157022182817386e+01 1.205864520222139191e+00
6.566826510974895115e+00 1.500427022738487892e+01
1.373515901292799057e+01 6.623545851413808805e+00
-1.150736717303158585e+01 4.270446323711677650e+00
-1.642746902567514411e+01 1.956124344546349647e+00
-1.618036392681093005e+00 -1.066070002687024143e+01
-1.178916852527212455e+00 1.038494392412239975e+01
-3.541096801341021560e+00 -1.163691756792719900e+01
-9.421005975296607104e+00 -3.079331500073788419e+00
-5.876507288278524754e+00 -3.874824777628244732e+00
3.296741369879701011e+00 -8.359028285941288772e+00
-8.693196138152512020e+00 -1.211998718031093958e+01
4.064430804707313882e+00 7.061877204265179842e+00
5.226218299141613954e+00 -1.278585442812708806e+01
-4.948093759397014679e+00 -6.544291222918102946e+00
-2.400119166988936570e-01 -1.183176965302881278e+01
-1.492064219850313123e+00 7.891954391672161506e+00
1.332322506307586707e+01 -5.210145548879410171e-01
-5.111767789644245497e+00 1.589559186392607870e+01
-7.016745445400140113e+00 -1.499218026753106159e+01
2.675613604286802172e+00 -1.538343260761375930e+01
6.030331223886992831e+00 5.111520216062714894e-01
-1.621802123849100496e+01 2.177835954991600431e-01
-2.083548998634018545e+00 -3.609435897136137328e-03
7.487664850919458104e+00 -1.804692559687030240e+00
-7.333833330806964312e+00 -2.931398868632371091e-01
9.241920880707969133e+00 4.801681832495486191e+00
5.428695968221777690e+00 1.380926444671295528e+01
1.227682862678006970e+01 1.096993660509692248e+01
-1.514547087401922454e+00 5.379583449892223257e+00
-1.459434670425274483e+01 -6.549244915035016490e+00
-1.015022798464793574e+01 1.208521386415373300e+01
1.084204681151424055e+01 7.928463357357856012e+00
-6.529990858258042152e+00 -1.058098260833727977e+01
-6.842529611274942525e+00 8.764030385707318516e+00
8.665732626239162073e+00 -1.041340403476831611e+01
2.109293538230662790e+00 -5.935670431951407977e+00
1.515444512225153773e+01 2.266328944435734627e+00
-1.579946314925063788e+01 -4.293051291926744284e+00
5.105975586757516282e-01 2.401010417245426964e+00
7.270124795000178608e+00 -4.999918845900182873e+00
8.399150793495792300e+00 1.081409431467134397e+01
-5.943011651977272436e-01 -1.540304290185824598e+00
6.345631650796548229e-01 5.713039734106928336e-02
-2.362307751891696839e+00 1.597006978742739847e+01
3.051632675845095122e+00 -1.267011681816170743e+01
-7.402683503104299234e-01 1.304515766505200958e+00
-2.381948578280450590e+00 -1.649711783016514488e+01
-5.399266165727166111e+00 -1.512939203688648782e+01
1.504744199151472372e+01 5.617200384377870392e+00
-1.427711462421552824e+01 -3.654457507148967110e+00
-1.375992257582867495e+01 -8.155928254392193821e+00
-1.270391001770725126e+01 -9.555860267532743535e+00
4.276967748951509662e+00 -4.329232087547183028e+00
-5.047132939941608498e+00 4.297911502383115590e+00
-1.065077410442940220e+01 -7.185273507888208400e+00
-1.337804392708452284e+01 4.951444632778272847e+00
-1.207330223946933856e+01 1.016432656725552164e+01
-4.250671879042240420e+00 -4.952139676777974842e+00
-1.494477154557518261e+01 1.528502698026599660e+00
-6.627140698177125699e+00 3.564825652181106364e+00
-1.147104404819056711e+01 5.853775054196866279e+00
8.470534938557381821e+00 3.336342601461595336e+00
1.052119713300908188e+01 1.296108827032899669e+01
-5.451205245008594602e+00 2.219444899682141426e+00
3.393931164326954075e+00 2.807618449965993079e+00
1.835198189146804992e+00 3.735045841579363923e+00
-6.712607392255705463e+00 1.469907755055213272e+01
1.387141469840805286e+01 -7.368199881809710305e+00
-8.450097123375854835e-03 1.401857299335987150e+01
1.076450158596268025e+01 6.032744866239607262e+00
2.597958633702702969e+00 1.313845757388487812e+01
-4.487935893561921574e+00 -3.219135246684388107e-01
-3.451995138052817325e+00 -1.321008936860691207e+01
5.314568082205177291e+00 -1.139794622662368084e+00
7.064100225242604836e+00 5.009405080988212688e+00
9.338414699589929313e+00 -1.283978360075042957e+00
8.900264280872189460e+00 -3.990657502059358208e+00
-1.239290349087907295e+01 -4.029227151449068955e+00
8.785358824180502069e+00 -1.223067030336317451e+01
-9.586024209154686559e-01 1.256974080045356246e+01
4.601879510845524379e+00 -1.120273882289049538e+01
1.373236970729081463e+01 2.850836917008752636e+00
-7.237706500586343239e+00 -7.958595628578763126e+00
4.164811862956845800e+00 1.610405214547822794e+01
-6.776808214006791786e+00 1.137012765636159273e+01
7.452203321572056893e+00 1.370693397649025158e+01
1.324117373939389353e+01 -9.762384679078271787e+00
-1.292982357933339443e+01 -2.065075794925036234e+00
2.322308410232498233e+00 -1.116521799601031262e+01
-1.360052794894128070e+01 8.557655330593398446e+00
-7.754670082706043743e+00 7.391201757405738704e+00
1.579682495619145755e+00 9.790077192057950128e+00
-9.418516607825607068e+00 1.035507989835526388e+00
5.692949177438407560e+00 7.661185803583496323e+00
-9.328580943488670840e+00 -8.715809220376909749e+00
1.463884602451417294e+01 7.881492656406624775e+00
-9.774815043707166140e+00 7.976109721726366786e+00
7.411785661429330929e+00 -6.720339424948772233e+00
1.270662906245116019e+01 -2.113494571355683860e+00
1.026773929935306029e+00 -1.495069274728636444e+01
7.112897728251525109e+00 8.860712615570395911e+00
1.458153338153717726e+00 7.161121499471061469e+00
1.412930004558154451e+01 1.000782178826561619e+00
-1.375629552064766870e+01 -5.277842270368513056e+00
-2.328027950913750033e+00 -1.566824202996304649e+00
-8.742307533353470106e+00 1.359715175586597979e+01
-4.832846971950930381e+00 6.063596951925966039e+00
-1.292029550915115976e+01 6.613498296966884737e+00
1.167642623907794786e+01 -3.410416835682580583e+00
9.457977959968300041e+00 -8.903404809848115775e+00
6.916595917386796799e+00 1.199887469675238449e+01
1.126693793063322957e+01 4.576777150626931245e+00
5.384208464187580034e+00 -9.670253868114043527e+00
3.429363908944509376e+00 5.156320580937009623e+00
-6.316149579334240372e+00 -2.281972255939821892e+00
5.039354117007128764e-01 4.452446764144749380e+00
-4.564003557962806212e+00 7.818890140999727123e+00
5.140469527369859293e+00 1.043118628545246906e+01
3.530575163381712400e+00 1.038399081641602706e+01
-1.008961801529485669e+01 -1.140496913434653159e+01
-4.971114808484307090e+00 1.142159195003915784e+01
1.083935328719528357e+01 -1.253739976396300193e+01
3.998324866755723406e+00 1.431021055754126792e+01
1.566563134588289330e+00 -1.640955531863781403e+01
2.060141142744882359e+00 -9.613338571889517681e+00
2.005710127643297369e+00 1.751356936287084665e+00
-1.313681523134631135e+01 3.362060432811908584e+00
1.130887269054258226e+01 9.502880770735085747e+00
-4.339149765282638072e+00 -1.016452306257188098e+01
5.229922828803996282e+00 -2.664150058010999800e+00
6.414397041608477679e+00 -1.388071820143996149e+01
1.053235264710984254e+01 -1.009702893956404779e+01
3.529373310304929845e+00 -9.975270366827812651e+00
8.596166048039091123e+00 1.106842292661834648e+00
1.230013233977543763e+01 5.925583874806971352e+00
-5.124786966975008795e+00 -1.213805943577655633e+01
-8.170058337427121842e-02 6.241551729030227591e+00
-4.274573675190861621e+00 1.460595310118984713e+01
1.310270632047334516e+00 -3.432043147796449034e+00
2.024249732268188495e+00 1.655175359841614124e+01
1.389823936074090938e+01 -5.722017804365398419e+00
-4.274376256501566829e+00 -1.848946385794299374e+00
-1.204111044625922844e+01 -5.557719217211266383e+00
8.859993094747913744e+00 -5.813624896177158163e+00
-1.086749555618489183e+01 -3.758711757674999987e+00
-1.045701287142782476e+01 -1.287373149390777272e+01
9.426568695033470391e+00 6.977406615393171307e+00
