# Antenna elements layout
# Station label: stn.475.N10-5
# Number of antennas: 256
# Station diameter: 35.00 [m]
# Antenna minimum separation: 1.50 [m]
# X[m]  Y[m]
-3.663418683045378543e-01 6.166404240575189988e+00
-9.719905898833946623e+00 -2.608277944556512296e+00
-1.412748193057755230e+01 -1.304960482607061323e+00
3.297931909778252901e+00 3.932537446195777164e+00
1.301880326124056708e+01 -4.105068216546602144e+00
-3.525396270785009278e+00 -1.347856219622519092e+01
-1.780821377113815274e+00 1.845292911076654718e-01
-7.866492523262929026e+00 -4.354380561138674111e+00
6.015122674853277118e+00 -1.301468247783071064e+01
4.461766146161167512e+00 6.156058591446392114e+00
-1.511918280790406754e+01 -5.521263405084710030e+00
3.437516619744052093e+00 9.995130309085009657e+00
-5.357285409009939769e-01 -1.656028215758212951e+01
3.243406334356890852e-02 4.072493481977986107e+00
1.480292194809040751e+01 -6.248352820727784973e+00
-1.122815458327189297e+01 -9.613606592077365676e+00
-5.735469506300747256e+00 8.515293380227255682e+00
1.158017865423502712e+00 -1.416550974117874340e+01
-1.239918458348381947e+01 -1.109196474078479433e+01
-6.612697729101633115e-01 -3.384353824904662744e+00
-1.507771913029066546e+01 5.175445166122887741e+00
1.387063074595253909e-01 -7.013662692574467172e+00
1.307174943823291358e+01 8.301108170999576430e+00
-1.589102695224871731e+01 1.073849015288232067e+00
-2.929910426816100255e-01 1.322123129053636603e+00
-8.338729153578345432e+00 3.685914311784962649e+00
-1.276559575928043699e+01 -6.390449914884646532e+00
1.719466420115587368e-01 -1.075173624453469756e+01
-2.693544784652036839e+00 1.434881891750968563e+01
-1.171223321837133824e+01 1.141941701902578643e+01
4.281413309194814332e+00 -1.269424857047627242e+01
-1.102241829304491638e+01 3.364014300500205223e+00
5.855171025077176239e+00 1.164458332325134648e+01
1.491646873612697277e+01 1.630787916536686311e+00
8.685722823568642781e+00 2.482744761398663513e+00
-5.839493570370621001e+00 1.375994428933865166e+01
-9.415260248867580728e+00 -4.977191056724272755e-01
-5.289788648387281356e+00 7.121677041301452959e-01
1.026411113628834570e+01 -8.071724208524820199e+00
1.742979156526782702e+00 -2.879246518172179137e+00
-1.134012452069822352e+01 6.751916084517930017e+00
4.560857698096874913e+00 -1.631973055202887934e+00
-1.036542078229328290e+01 -6.032250242687657860e+00
-1.339962839239546710e+01 2.704257269268090624e+00
-4.698032187353330613e+00 -5.520678316226339533e+00
-7.389230485034415707e+00 -9.716054446332176298e+00
-2.967036291187916675e-01 1.664430196832159226e+01
-1.336843077473100827e+01 -8.931250212967341895e+00
-3.749218781431453706e+00 1.556851917444843991e+01
7.624552787767498785e+00 1.059494200079013382e+01
8.181390886298146370e+00 -3.242236762259318894e+00
5.186788588652149201e-01 8.038453478107633998e+00
-3.668288969278147960e+00 1.077168140502712390e+01
-9.969965244415018191e+00 5.516629967992237482e+00
-1.356837457400244062e+01 4.560512674525689647e+00
9.319982938220125135e+00 8.435672044881428633e+00
1.097407650521504152e+01 -7.237318609658878188e-01
7.707509074729340881e+00 1.401200237966097717e+01
-9.450903015749247515e+00 -7.795118003333753265e+00
1.118496647843869951e+01 4.557898233374444885e+00
1.535561597270319112e+01 5.373642535332660231e+00
1.025981489031236649e+01 1.191354685410909298e+01
-2.385968609756261571e-01 -1.026882324300725458e+00
4.875838714186567557e+00 8.018490565261558345e+00
5.514137359700274743e+00 1.361669018173123291e+01
-7.610422789802990806e+00 1.425123330466028548e+01
-8.217350807722075601e+00 1.218229000707976795e+01
-3.010486786856947816e+00 -1.111153443920417594e+01
5.889197721793117069e+00 4.003880692866598423e+00
3.003091123984404476e+00 -5.318312768887055952e+00
7.575194533428174282e+00 4.860603884195743518e+00
-3.442351195201634795e+00 -7.891662232809595778e+00
6.055131891362545815e+00 -4.450708565870002076e+00
1.083080986229956721e+01 1.111764368940672654e+00
2.227425421733897792e+00 6.615035838858855044e+00
-8.822511475249896762e-01 -1.348159289034200548e+01
-3.793754558406572386e+00 -1.123611179536322169e+00
1.114062452677328707e+01 6.163087760713516161e+00
-1.641849307030167537e+01 -3.027545997112635945e+00
2.571310766879836507e+00 -1.043630059606518401e+01
4.559320862935560825e+00 -9.027764898397037996e+00
-4.574375280030224644e+00 5.801199392418975975e+00
-5.890555900559123259e+00 1.187487890789964595e+01
4.165298877213768236e+00 1.569263210959320531e+00
1.785685271347990266e+00 1.070253377750390200e+01
1.370583529145302393e+01 6.454209422852965616e+00
-5.408091138330869185e+00 3.037590407893077327e+00
1.163987220321426364e+01 -4.803598373058722615e+00
6.015112666670674457e-01 1.511619274474280417e+01
-2.723206764244071820e+00 1.704451738745007106e+00
1.198090800911086262e+01 -6.983404025791156045e+00
-1.212449779064103517e+01 -3.187311300420070381e+00
1.248018420489452751e+01 2.059271142156013923e-01
-1.037429135858485552e+01 -1.141166915080000166e+01
2.985935852281727421e+00 -6.563337674885119100e-01
-1.218401134418959941e+01 1.073321545328816740e+00
-1.851299664741816287e+00 5.922022414558657744e+00
-1.151513469764527997e+01 -7.285891901596952991e+00
1.288398294859315740e+01 4.205846702140870974e+00
1.050736793501920019e+01 9.739808581184121294e+00
-5.499366593196429065e+00 -1.558104696615438201e+01
-7.888228823966320746e+00 2.004475244241461951e+00
-2.205302265060760547e+00 -2.304081810733409341e+00
-9.875658784942517698e+00 -4.374232818984529203e+00
-2.756334758668224083e-01 9.664752531713709516e+00
-8.605718178184687872e+00 7.387106737822179525e+00
5.662660254706885610e+00 -7.713551980027768096e+00
1.340812894682661849e+01 1.924589702596023244e+00
7.994976191106424324e+00 1.212608120569561621e+01
6.720835480726083944e+00 1.519812201226469028e+01
1.105506180329201626e+01 2.671019621044916192e+00
1.070915570957648200e+01 -1.139490844629192878e+01
-1.712697593750865721e+00 -1.187257385691670564e+01
-1.871411337572768119e+00 -1.564204226743968462e+01
7.804741412967672431e+00 -1.245588366872746455e+01
-1.216390993332139736e+01 -9.453362716854449843e-01
-2.665578746691204870e+00 -4.276320816215054776e+00
1.406768230190794355e+01 -4.470842415332327846e-01
7.170697879235458316e+00 2.448215810645798740e+00
1.378230338197580451e+01 -9.120482621521530220e+00
3.729274731412701271e+00 -3.640982834589880923e+00
9.575083031066103700e+00 2.883519829359393327e-01
-6.515232491101068391e+00 -6.189073787158072548e-01
-1.486822517669155630e+01 7.632625432114611641e+00
4.674071196257120420e+00 -6.010689150153659455e+00
-1.998140933582526202e-01 -4.946227610366335625e+00
3.121914474667235595e+00 1.558636243416899703e+01
8.822001518017899002e+00 -9.972193535101659734e+00
-6.870851835949418174e+00 5.140704081468069120e+00
-1.041182267615427293e+01 1.023850226624402637e+01
4.050338907830891344e+00 1.154801779633494263e+01
6.720124562922585199e+00 -6.293426301127583500e+00
-5.388589655128541267e+00 -8.666036545581910389e+00
-1.288890965588553073e+01 8.576152340309718625e+00
-2.250402748632390981e+00 1.256527641929330485e+01
-3.017072786958665986e+00 4.344664876969694944e+00
-7.903785252697991481e+00 2.765688360936984225e-01
1.956869155929414461e+00 1.118823581358622477e+00
8.141533681045817872e+00 -1.007048907569579654e+00
1.495432479645219104e+01 -2.705427016319031708e+00
-8.109721025927486338e+00 -1.959313436200609715e+00
1.638353235118522377e+00 4.997171434240101462e+00
-5.501944510300193159e+00 -1.149037698644123040e+01
8.751896177662747078e+00 -6.967458777575053830e+00
-3.931572790245425608e+00 -2.847509957365554456e+00
-8.939398193392948500e+00 -1.077612835043685280e+01
-2.555280254870744727e+00 -6.514146782397514102e+00
-1.624974859312928288e+01 3.932624131518124955e+00
-1.594254282283917057e+01 -7.359908929491680851e-01
6.068863492076609134e+00 -1.033375437385491935e+01
-4.299636832731481562e+00 7.288260615160549349e+00
9.879288146271719029e+00 -4.572077400469723329e+00
8.812104580691784150e+00 -1.412090221321462735e+01
6.413105913369761879e+00 1.069091479173032155e-01
2.871104360162767932e+00 1.366447287731243421e+01
-1.927335955614065455e+00 9.298536867418246032e+00
9.547451413218627891e+00 1.362903787691877255e+01
2.961584057369023526e+00 -8.986168450060018742e+00
-8.427764324792738293e+00 -5.857260640952356212e+00
-1.059098222129231104e+01 1.246827048393051030e+00
5.212328432312197890e+00 1.024274195406700727e+01
6.669601423716603250e+00 -1.529999138485528931e+00
1.038165674730566579e+01 -2.327272557393623487e+00
1.169198991142209465e+01 -9.127070304699024916e+00
4.602241874590063730e+00 1.490821629592055331e+01
7.302659428842989797e+00 7.284492794553074191e+00
-6.892974165327750313e+00 -1.214246514658410092e+01
-1.078230198790137706e-01 1.274025434498255649e+01
-3.835826564179431131e+00 1.330707183400755511e+01
1.628582991980577788e+01 3.800334924565312633e+00
4.690530096326472886e+00 -1.473128854663985976e+01
-2.061670849131997940e+00 -9.626283513118563562e+00
-1.339509548791673232e+01 6.208010525749600106e+00
9.184372824939604385e+00 4.867101762521759412e+00
6.920399073222181840e+00 9.187387990081887779e+00
-1.423370743935084448e+00 7.535456661919045729e+00
9.846641568346722551e+00 6.992885063252515465e+00
-1.281006202720971032e+01 -4.760605870836874587e+00
-7.126160733527262536e+00 1.035160082699931650e+01
2.302383520174242193e+00 -1.597115533860940140e+01
-8.216427630039206065e+00 8.863386960437001250e+00
-6.683781747099653003e+00 -1.389456915463207309e+01
1.420672132348784089e+00 1.220339800706100064e+01
-1.221809205963133138e+00 1.382730400741478505e+01
-8.488005256706225410e+00 5.807625217170610199e+00
1.149257346146064052e+01 8.552083213029646913e+00
2.132951852294819872e+00 -1.262010322329722101e+01
1.311688618371183424e+01 1.038978405421778461e+01
3.971362263172988349e+00 -7.629013910332412607e+00
-5.936743599604094257e+00 1.546145026070463757e+01
1.644893000545800277e+01 -5.081475130351194025e-01
-9.351272256772951152e-01 -8.131459254604541442e+00
8.336880812120838868e+00 -5.090204875983900479e+00
-4.956699539825107692e+00 -1.414133883742555398e+01
1.443632689520469015e+01 3.491770432003189484e+00
-3.884622387533374521e+00 -1.598764596031617380e+01
-1.516638357016572769e+01 2.513303556172608921e+00
1.008563629606531009e+00 2.731351104009359432e+00
-1.162915703436008208e+01 5.151977226813976074e+00
-9.329690731196226494e+00 1.358794978617486038e+01
-9.777796000891470385e+00 -1.289365545540651503e+01
-7.133111407956064909e+00 -7.151327184566621753e+00
-2.361398512091726687e+00 1.629944710919683359e+01
-5.432202451922051978e+00 -2.258715515992486544e+00
7.652122404312390103e+00 -8.878798491000845061e+00
-4.784736276842540548e+00 -7.206960767671434454e+00
-8.790013363548883518e+00 -9.150491009062996284e+00
2.515758350466128945e+00 8.459531999749341225e+00
1.358404746138006658e+00 -1.018308247040689452e+00
1.328499962174490889e+01 -6.007296633436283173e+00
-6.383890588553201795e+00 6.730453474611497455e+00
-1.458789240040551682e+01 -2.967849017276616763e+00
-1.136472677107156848e+01 8.825864853290468659e+00
2.776670102650058425e+00 -1.436138950097698874e+01
-1.333061728430619652e+01 1.007928834495080039e+01
4.088776839109549144e-01 -1.265687692908534601e+01
6.300506333845962814e+00 -1.460868233540572447e+01
-3.988250564384415497e+00 -9.776723808102126156e+00
1.264391728210588184e+01 -1.064425456000586401e+01
1.243062548176494175e+01 -2.708422636434809405e+00
1.515560431882798298e+01 -4.432917823301661286e+00
4.793866699503482209e+00 1.543700592229200197e-01
1.665521959207743663e+01 1.043269299975321474e+00
-1.376571081745522562e+01 1.628094350256930056e-01
2.204363684017422997e+00 -6.997165328378125437e+00
4.309921499867062522e+00 -1.090360376218800376e+01
6.438708393326251667e+00 5.843301164287556304e+00
-6.260426989508749429e+00 -3.513807363537644335e+00
1.308291322729971284e+00 1.665406329733816904e+01
1.301557507170063133e+00 -4.518590845220304075e+00
-1.438738861252407020e+00 3.188274530267289464e+00
5.400248980741675808e+00 -2.978567107777575274e+00
-4.279543576553784590e+00 9.203215952039350611e+00
-8.193804858910942457e+00 -1.411382122703072284e+01
9.610864952524675431e+00 -1.274041994612754181e+01
3.933730473580720144e+00 -1.622625489099594276e+01
1.381540107100331838e+01 -7.446086852915406951e+00
-1.413057224880659035e+01 -7.142430146287829018e+00
5.675899550065928167e+00 2.125003910116433303e+00
1.164064951694658134e+01 1.112527980142447248e+01
1.016243949164766391e+01 -6.418182018656448662e+00
-6.672272486119799950e+00 -5.331645680841056389e+00
7.907110483795918299e-01 -1.566298570095030307e+01
-8.652750806734628597e+00 1.052506717832067906e+01
7.957659206655254280e+00 1.143232259616492996e+00
1.169461609255080248e+00 -9.317039131799408125e+00
-1.029763589371755828e+01 1.196105641610765957e+01
-7.836082164403883610e-01 1.117054364779983189e+01
-9.997129472153639895e+00 7.951101652971985345e+00
-5.478139903008752754e+00 1.021730604962258582e+01
1.645499748551155506e+01 -2.925066529472434951e+00
-3.912308530549303498e+00 2.876587700054802355e+00
1.498027528478777981e+01 7.415975929553120238e+00
-9.353598794165707275e+00 2.521664637928719088e+00
-1.066311582198245667e+01 -1.362054994450168977e+00
-3.048529609134481788e+00 8.171879008349360873e+00
