# Antenna elements layout
# Station label: stn.452.S13-6
# Number of antennas: 256
# Station diameter: 35.00 [m]
# Antenna minimum separation: 1.50 [m]
# X[m]  Y[m]
4.549201320268736026e+00 2.390360111129815834e+00
-1.475294392225938189e+01 2.462362232542993468e+00
-3.619074547541792697e+00 1.499773847746713074e+01
-1.127527134069328341e+01 1.959983179854102531e+00
-1.330429552877237143e+01 7.739967637996979732e+00
-1.115292057905468326e+01 -2.143930176970846091e+00
7.380517321430890121e+00 -9.533710185104384394e+00
-2.322934020001925504e+00 -1.084328687159616678e+01
9.849423890104141321e+00 3.059144050098456802e+00
-6.539479839884698720e+00 7.994713259460013433e-01
-1.026531561589546726e+00 1.665665305257864759e+01
1.206444406638989264e+01 -4.720623293805132903e+00
5.531069623419401893e+00 3.868380838354362083e+00
-7.800658490712475412e+00 -4.223646797090951921e+00
-4.430774966507508239e+00 -3.231400690635837236e-01
-3.930965782420917876e+00 4.094673464119082951e+00
5.438309776854158173e+00 -5.261391464035776622e+00
-2.363939846386902133e+00 1.407905430359035392e+01
1.340560638630650558e+01 6.933490951279217995e+00
-4.181953771513919449e+00 -1.325897720943908809e+01
-1.103733388027565354e+01 9.817290584633141748e+00
9.346823384137934454e+00 1.059452724313615946e+01
-7.794817558207695285e+00 -9.482116257308327079e+00
1.159844332819936952e+01 -8.541368141576256789e+00
8.858661053127022456e+00 -3.112882934842886584e-01
1.480210903164451963e+01 4.668176016782130233e+00
1.780120712217062362e+00 -1.496412417353706559e+01
7.809418038568821885e+00 1.290846874812572054e+01
1.251220468847936829e+01 -1.089923023534086610e+01
8.210457528292696594e+00 -6.336885416428380324e+00
2.325834030769051708e+00 -1.162860328793468057e+01
-8.437150031994633537e-01 5.153680341624649941e+00
3.227257435568020583e+00 1.434916705246048352e+01
1.160868219348650143e+01 5.273696211523724031e+00
8.562794611265999833e+00 -1.074793348793347825e+01
-1.502222140645208981e+00 3.543032613175441270e+00
9.084944027635739161e+00 -8.939544666057457789e+00
-2.531701980492560011e+00 -1.565986427971686723e+01
-2.196049809113199913e+00 9.890544085286002485e+00
-1.023986118609881757e+01 -9.624836629518512154e+00
-4.265411786554302864e-01 1.004135507537133520e+01
-3.845476240403529644e+00 2.504693461112349695e+00
4.715993302089565020e+00 -1.224666850147316666e+01
-1.083089095096447529e+01 -1.149247930230989567e+01
-8.022554465904418564e+00 -5.293454375089439168e-01
7.143884694963880122e+00 -1.251265674580345610e+01
-5.432178774287645950e+00 -2.432982818783369083e+00
-5.744521622723905097e+00 -9.055692735375892255e+00
-4.852628602360923082e+00 -4.165004622079850449e+00
2.555175590945449215e+00 -1.793869133870014565e+00
8.221439340846131927e+00 -4.530424300781774605e+00
7.986452313472302222e+00 -1.386721638605307660e+01
-1.379809068522090065e+01 4.388040673507326517e+00
-2.411765914944151490e+00 1.177967045691632464e+01
2.089219403230231364e+00 5.259734785237728971e+00
1.482736098472785358e+01 -3.865890383949505349e+00
-2.463293214850494905e-01 -1.244018522847396646e+01
6.711958073348284870e+00 -4.640069281329601836e-01
-1.873933678485126819e+00 -5.693584097699044833e-02
5.033197214590863666e+00 9.279661979241396352e+00
-1.439985928730663289e+01 6.145997397096920167e+00
4.092620921913560750e+00 -1.540101798262261568e+00
-1.219848590543466216e+01 -3.747860003793906714e+00
-4.126676030796199157e+00 -9.621532530569716357e+00
5.213072531160136691e-01 1.992587737322235597e+00
-4.393702523084328959e+00 9.559292503412482489e+00
-7.152574595059135731e-01 -3.384650386019648849e+00
-6.550628228788081486e+00 -1.185564081145224868e+01
-1.395896244511556006e+01 -3.996837313895756694e+00
9.364932508389351540e+00 8.369886072158131185e+00
-7.037644573619374455e+00 -1.466096929927705617e+01
4.670268564298286407e+00 -1.493432613978030687e+01
-3.312153723012727369e+00 -5.662146204812975370e+00
1.050091448580019815e+01 6.590424562928369312e+00
-6.520755502188745112e+00 1.418385503138091153e+01
3.359676282039075090e+00 -4.253429528589270703e+00
-3.637600916558927366e+00 7.578339576673567279e+00
-9.288940575094391860e+00 6.423893583525490669e-01
-1.482357068186101223e+01 -7.751736125874991501e+00
-1.687846737362480809e+00 6.454594927030186113e+00
1.426584182466232420e+01 -1.097677548806785808e+00
-1.536781514359830680e+01 -5.732167643837046356e+00
1.771762201750778587e+00 -7.526192419369369446e+00
-3.754716940772087952e+00 -1.893376390572139911e+00
-8.468524383576152559e+00 4.823424402704667102e+00
-1.126864175689546244e+01 7.274168768155835352e+00
1.331735373323034821e+00 -2.066170346043740835e-01
6.230744853742901768e+00 6.402289261564192202e+00
1.363160499068079901e+00 -3.946528767725169473e+00
-6.710100691988163391e+00 -6.615161814019879571e+00
-1.325176679541458569e+01 1.014740396818522328e+01
6.417937157401983228e+00 1.224837664228396505e+01
-1.566553970531492368e+00 -4.629731894067301567e+00
-8.283297041636998870e-01 -1.529900815918298917e+01
-9.906457442285013570e+00 -5.221492920585212971e+00
6.591958957628463622e+00 -3.926329950735594210e+00
1.021197337820474615e+01 1.194329730646699872e+01
2.881847438448595256e+00 -1.630555366211184065e+01
1.054033111666385381e+01 -4.243934256627172275e+00
1.012063220786983564e+01 6.457533221944622426e-01
-1.351162654274692798e+01 5.714403686267779392e-01
-4.919172079409793952e+00 1.095985297421979254e+00
7.196450186153075634e+00 1.075878322412531318e+01
1.590096876616333788e+01 5.968793309262458990e-01
2.466540293887380386e+00 8.096192170966844515e+00
1.439250352884968009e+01 -5.637561078705640938e+00
-9.494665260094315329e+00 -6.845361950808417362e+00
-1.308137778880841928e+01 2.765978271357628415e+00
6.689615655737949140e+00 1.409037215028185486e+01
1.421417666516870071e+00 1.164178434564564313e+01
1.596830538329053439e+01 -2.694471251452018379e+00
-4.107896401939393982e+00 -7.902864292970598115e+00
2.878611205808208950e+00 -9.436563803367546299e+00
-4.794479227094054608e+00 -6.283785645311072088e+00
1.150195399820025344e+01 9.546197488308049373e+00
-8.239833074938058388e+00 6.994925371773554446e+00
1.454705256723063655e+01 1.615206040310944502e+00
6.710021534956531752e+00 -7.217210513042378039e+00
-5.474174237218536021e+00 1.155671514523028520e+01
6.247221729867778350e+00 1.504226774617084317e+00
-1.222374081377741462e+01 6.075877511238669371e+00
3.097565830714614776e-01 1.518519446232558323e+01
-9.883640759992221803e+00 -3.653387374641347662e+00
-5.217525044741130102e+00 7.630415834422322519e+00
-1.510337065577670401e+01 -2.102746481982759263e+00
7.645619655394142455e-01 3.778455988050364311e+00
7.886051296663328714e+00 4.096009404545839061e+00
5.033360275232993786e+00 1.088642158799803283e+01
-9.556431742267172069e+00 -1.236244720285816712e+01
-9.402464406274383180e+00 8.661544901153227727e+00
8.213726861357358189e+00 9.508844565664176685e+00
-6.954464348984020106e+00 1.030888183089175669e+01
-1.148276894380779822e+01 3.756611227915595208e+00
-6.254696335726434242e+00 2.990590354025727038e+00
1.660382771274047542e+00 -5.754532730269747987e+00
-1.173531763775686798e+01 -1.015305851384278313e+01
1.017058114702346217e+01 -1.032119350261291579e+01
1.340165337038465054e+01 4.962819371168656346e-01
-7.730285273684616598e+00 8.854321893147911737e+00
1.376648117892338519e+01 -8.728614154015190252e+00
-9.320775260086053393e+00 2.774778953081291633e+00
-4.050568437122739951e+00 -1.536335742170258989e+01
-2.342171723071935219e-01 1.177248518123395016e+01
4.359216848955128398e+00 -7.558097804962006450e+00
8.437975581077918008e+00 5.563937499350522842e+00
-1.132439831916719974e+01 -5.867501236434794265e+00
-2.534263727141798483e+00 -1.340933622743215281e+01
1.287662940077575513e+01 -2.141803937373561340e+00
-1.430098678996390760e+00 -8.105110707349798105e+00
-7.853408972323085990e+00 1.249736856701533227e+01
-3.110297808797426455e-01 8.024086499675796347e+00
3.375407074625851322e+00 4.009247755469900198e-01
-1.290486461701093646e+01 -1.949769697193596940e+00
-1.859028007595103560e+00 -1.931365124244376119e+00
4.892204143255270310e+00 1.436361395764662774e+01
1.245163337845757923e+01 3.554834871749065428e+00
-1.350086099070244572e+01 -9.318924083881752196e+00
3.786399526567514329e+00 1.240698972533336075e+01
-1.271097985501961780e+01 -5.217561812843259261e+00
-1.641542081240915252e+01 1.939066359516839810e+00
3.618990475570463161e+00 1.037267950496260482e+01
-8.254898487672170049e+00 -1.121958709425303979e+01
3.702748970255807848e+00 6.070674354962815045e+00
-2.655756720766316192e+00 -3.427429921838820448e+00
9.775379276916712712e+00 -1.358039473934623587e+01
1.965767401838391493e+00 1.341748583855154209e+01
9.687928028941712455e-01 6.699322674853167570e+00
-1.157122248241703666e+01 -8.355434251563250925e+00
2.831502002441048660e+00 3.516137346337828262e+00
-2.191320706484702896e-01 -2.541625895528483170e-01
5.248916941253959578e+00 2.370077365165350614e-01
-2.226982403937993737e+00 1.573625141097292612e+01
-1.555505278730597674e+01 -3.985714962741582212e-01
-1.022657892045851824e+01 4.744725182740513247e+00
9.363522985070744653e-01 -1.788487180548353095e+00
4.516572179615224059e+00 -9.944539440852347312e+00
-9.201527592851929782e+00 1.055663200607968477e+01
1.178886237469564335e+01 6.915832819633678241e-01
-3.881851566007290089e+00 1.304730963020693579e+01
-7.219984838525055793e+00 -8.047786642508700794e+00
-7.200805240258672413e+00 -2.258479387428316443e+00
-1.220761737068349362e+01 -3.834005113913718787e-01
5.105874213366423220e+00 7.668542915054015197e+00
5.828024148015558126e-01 -9.419183474541645396e+00
-8.377918458484751696e+00 -1.398171531145554525e+01
-5.638141430514272301e+00 5.646113429584282528e+00
2.998743945223871776e-01 -6.694972152782453279e+00
1.091954621334564735e+01 -6.547165379941843000e+00
-9.287941586574419262e+00 -8.371118859858441397e+00
1.122891687487825152e+01 -1.485211764867440110e+00
6.677413907777168589e+00 8.427493259410606896e+00
-8.181711824716620285e+00 1.422800265577040335e+01
-8.295383150950891959e+00 -5.891079063485562983e+00
-7.985735853998543021e+00 1.708007223037395050e+00
3.782798901005506309e+00 -6.079499760038785894e+00
-1.605285642822438064e+01 3.671242549056596971e+00
9.824636810372098239e+00 4.841854266295712250e+00
7.788934060574597140e+00 -2.917529480181199730e+00
1.295672512813743538e+01 -7.449323208030438792e+00
-1.302361196012859423e+01 -6.704644005884460967e+00
4.548893677829166649e+00 1.596772595706587339e+01
1.026453079035272253e+01 -1.214430156297336616e+01
-3.840198325497759413e+00 -1.163698559700098123e+01
5.893633464358945417e+00 -1.364583382128940059e+01
9.619609716561715373e+00 1.366919685760093373e+01
2.878235502832549031e+00 1.910110785565539260e+00
-1.751465146459411315e+00 1.459173993681730508e+00
1.257390927710216033e+01 8.340848396535950116e+00
-8.687148678252643919e+00 -2.703590345904016701e+00
8.999943891972250753e-02 -1.650407287848053883e+01
-1.375752596975349462e+00 -6.217440416663231773e+00
-5.393131051760331474e+00 -1.424912972315043902e+01
-3.351175113592461230e+00 6.047778735443152698e+00
1.586476327445060974e+01 -5.133285164517177535e+00
-2.468936289088151881e+00 -9.257021913081846520e+00
2.244782141841341172e+00 9.752794131994743765e+00
5.815525133659146917e+00 -2.120129324441698770e+00
-4.091720634363191778e-01 -1.061395621027228309e+01
-1.086325279027082225e+01 1.231037482653430715e+01
7.964030236655116113e+00 7.086398620341128662e+00
-2.216872341830105952e+00 8.281859429168335396e+00
9.498637681927174725e+00 -1.692872373196767199e+00
3.236736606184784648e+00 -1.398423863943157031e+01
7.660723880409129549e+00 8.359382436048328202e-01
8.248285731300164514e-01 1.665442585016238297e+01
2.371113364800464751e+00 1.615122473962750860e+01
-1.604356735355339936e+01 -3.711039584639706845e+00
1.236113728337313944e+01 1.112919106362950572e+01
-9.725780866057576191e+00 -1.343401046420815703e+00
-9.369680655481150922e+00 1.253390409393623628e+01
-3.735693327841282496e+00 1.091883026881261287e+01
1.137004882160629293e+01 2.168974873048661323e+00
6.410338851259833604e+00 -1.117292810794052116e+01
1.347669554714818219e+01 5.413947735766328151e+00
1.621393253224142939e+01 3.184992877689484914e+00
-1.200361249456561374e+01 1.107095700468085298e+01
1.353749178740770276e+00 -1.281746172873904044e+01
-9.427508794798953318e-01 1.320652764926869693e+01
1.357691529540690212e+01 9.482996972207157427e+00
-3.309295823971613260e+00 9.163634433227976217e-01
-9.797609761633625070e+00 6.322826480662318005e+00
-6.321948360118890164e+00 -5.105438256161580313e+00
-6.013694206422824706e+00 -8.471764281881100089e-01
6.619985787451195591e+00 -1.538276778747630402e+01
-7.136102690849975616e+00 5.776708933626895970e+00
5.051206550644948834e-02 -1.393950655090585400e+01
-5.233383082240653295e+00 1.551203680008232055e+01
1.608661962056891070e+01 -1.197548051541122760e+00
1.540356846521520851e+01 6.334520852605194818e+00
1.474398136856153485e+01 7.945223575961495754e+00
1.447084501317913663e+01 -7.182450070139168474e+00
7.728502448634419153e+00 2.440809456621344964e+00
-1.573943227878412365e+01 5.395751416320457849e+00
-1.203155831283518928e+01 8.678171106556465730e+00
-5.401051385347795275e+00 -1.077954614678826317e+01
-2.530377212155688227e+00 4.748971880605420637e+00
