# Antenna elements layout
# Station label: stn.487.N12-5
# Number of antennas: 256
# Station diameter: 35.00 [m]
# Antenna minimum separation: 1.50 [m]
# X[m]  Y[m]
1.017153791873682422e+01 4.408630147814388778e+00
-3.242336146895826943e+00 -1.049753275876606118e+01
-8.370690062012135613e+00 4.140324662884243168e+00
-6.166212191024211364e+00 -5.662380477137190837e+00
-1.268094819552466390e+01 6.765908632850578641e+00
3.974900511586294982e+00 -1.132951635727093631e+01
1.943320770393324182e+00 1.579324524553900488e+01
-3.361911420814770679e+00 -6.873656691371117233e+00
-1.065226318169109376e+01 -9.381343470055879763e+00
9.722369814143682731e+00 -1.266154745547262550e+01
1.233715590836929721e+00 -1.588925119180302836e+01
-3.916384432231438950e-01 -1.668116013577109413e+01
1.285482417760315954e+01 7.041448842815420051e+00
-2.487963225861250294e+00 1.442941697698383408e+01
7.144845181929618150e+00 1.194355160453879350e+01
1.167897620443062934e+01 -2.420327428553076032e+00
9.797171379834360039e+00 5.971479604471728209e+00
7.999764691155810681e-01 -1.172177382989248784e+01
4.894789345882092135e+00 8.262774965492702961e+00
7.853268902167137355e+00 1.349205855464469650e+01
5.242801905308436261e+00 -2.985350907447706703e+00
5.804589640765662750e+00 -4.556637917674480676e+00
-6.006737053294109785e+00 -8.699506856917109232e+00
1.549654765777933818e+01 8.503965825551809132e-01
6.064058928281063743e+00 1.434703420375086225e+01
1.026846508926038481e+01 -5.033659959769254399e+00
-1.128292496735336847e+01 2.037971868267717923e+00
-9.546217247891455315e-01 1.609675209288030828e+01
-1.597373819505948589e+00 7.702732445559711039e+00
-1.452873391729589514e+00 -3.314859111477121090e+00
-6.564212104635950951e+00 -4.210502334007770742e+00
-8.115563209794389721e+00 -1.073804739624258708e+01
1.500886244937582603e+01 -3.404902462727221746e+00
-4.980739573027804568e+00 -1.020952410721010217e+01
1.420421062317864269e+01 5.979048711772215086e+00
-1.167755331757827975e+01 -3.137231371945947700e+00
3.492400529741111370e+00 1.621516666080928104e+01
4.730309580820343029e+00 1.271240216256227029e+01
-1.881132559027982154e+00 4.741885055347335509e+00
-5.575020765830663194e+00 1.456319022536296615e+01
-4.644291995838326415e+00 -4.948814302982798452e+00
-7.565417640435645907e+00 -2.087707593259649386e+00
-1.611864748762251054e+00 -1.565929989135168832e+01
-7.193349692624186886e+00 -1.434113134966908376e+01
1.044080461279811445e+01 -1.136283509552885818e+00
-1.384013365330819312e+01 -2.767315298111906685e+00
7.886960051045004860e+00 -8.145598319397258535e+00
7.106840161571767567e+00 -3.208527964163367940e+00
3.200379888518284588e+00 -2.392521867095393162e+00
4.505554623227084221e+00 1.042729809603594404e+01
-1.363686776314932025e+01 3.700025352749388929e+00
4.489856840508405611e+00 -2.420486025029049415e-01
-1.193837307610256460e+01 1.092879777792198226e+01
-2.311471973781564770e-02 2.479074277562190787e+00
-6.454991910138428324e+00 8.570563816303213400e+00
-9.267732187194742011e+00 -1.526679354240684461e+00
9.645817216298688379e+00 1.182712140218767516e+01
-1.476801184602939010e+01 -6.405695594809861504e+00
7.413158045229547355e+00 1.934713919062893694e-01
1.819209128065576664e+00 -7.504259495173650762e+00
2.747127895636168660e+00 1.394064403308483691e+01
-7.349855533743010483e-03 1.340152117605060411e+01
1.339444239868192099e+01 -3.528268939648144809e+00
6.067255204215086906e+00 -1.006698353060726703e+01
2.918885535406211318e+00 1.163239751081616902e+01
8.053771688606758516e+00 2.145863244915283019e+00
1.367671949042177815e+01 8.303281468809469601e+00
3.471164533964433474e+00 -9.417202448415359584e+00
1.509394228225426815e+01 3.041426903212514077e+00
6.031112423322539939e+00 -1.342863083018707115e+01
-5.731215313696036873e+00 7.062733934295195581e+00
-5.861098759019611748e-01 1.208388183746755828e-01
9.622093760014120534e+00 -1.060742314351691995e+01
1.243599125246891290e+01 9.929159548182227013e+00
-1.299763537633543109e+01 -9.550561975732279052e+00
3.480852880704457419e+00 -1.497051940876760945e+01
-1.024909934786194299e+01 1.119463779166771644e-01
-1.365800525401166254e+00 -6.065923723079533758e+00
3.820426177776539589e+00 -4.794147283833806839e+00
-7.340256674463445208e+00 7.342773205204125020e-01
-8.379940052862069777e+00 1.154001867386589097e+01
-9.797577001797415974e+00 -1.200534450633016981e+01
1.359553538819900709e+01 -5.695594402026120662e+00
-1.011784844318961873e+01 1.219187404946022824e+01
1.374707751264251954e+01 3.993951465330464856e+00
-1.767708808572422186e+00 1.341214027140338771e+00
-1.138904544587376222e+01 4.676571685270925371e+00
9.958572778315115670e-01 1.131922801482571117e+01
2.335323011229988310e-01 4.295197816395639023e+00
2.858089031681814163e+00 1.804637732012523088e+00
8.798728514475332219e+00 -2.143856338150406771e+00
-4.745171332856111590e+00 -1.300812023934560102e+01
1.387055501438128502e+01 -2.419469140756334014e-01
7.690891631099578518e+00 1.053542550532915456e+01
2.649527785763226007e-01 -1.312423600579128014e+01
-6.738669589494286072e-01 1.066629000712354625e+01
9.941426226270380084e+00 8.523449134861944998e+00
3.872618433605580890e+00 -1.347861869972713222e+01
-1.638148886621053535e+01 -1.114870588705709764e+00
-5.084373878047552253e+00 -1.512600787068851815e+00
-3.856105534257682876e+00 -2.675688862478523333e+00
-1.237352684316721252e+01 -5.638806144266208520e+00
6.260159424718459320e+00 9.806936986100282638e+00
8.246120475508718073e-01 -5.041204296593093659e-01
-5.233489399048826485e+00 -1.457471838993178892e+01
1.027755512425324014e+01 6.021534477850423173e-01
1.100352340343383517e+01 -1.001157276511023397e+01
-1.221820500273454257e+01 -7.458987005094376954e+00
-1.357498425819567522e+01 5.745054596843566230e-01
-9.629247070744799686e+00 7.858789549019469689e+00
-7.267168144667991214e+00 -1.257607541654915728e+01
5.996074082789196069e+00 6.759992184873269139e+00
-1.306045229494024085e+01 8.356724608292953604e+00
8.682220239557260300e+00 -4.865105085474015212e+00
-6.312008333715091624e+00 1.201049324401044771e+01
-9.883286062703199093e+00 5.440285720544430603e+00
4.590085660916244592e+00 1.765616647550597662e+00
-6.987266017672341789e+00 2.784094820148006022e+00
-9.258322071211628312e+00 -1.359263050370676318e+01
2.266794711250287975e+00 -3.647541776469804375e+00
1.236790056504801782e+01 -8.683425578314876603e+00
6.644098446601251595e+00 4.917823467410574523e+00
4.860735267407342519e+00 -6.568896491867583620e+00
-1.193958771572683197e+01 1.067451977223647930e-01
3.039859567069122193e+00 4.192783943702778515e+00
6.928347714650620048e+00 -1.306977438675023251e+00
-1.575694653457929917e+01 -4.667915371741980124e+00
-1.586860528253669855e+00 -1.294133377382860672e+01
9.270254214594714881e+00 -6.831511314477596741e+00
-4.420742230165057407e+00 1.298519629361987171e+01
-2.276162650644304009e+00 1.217588018256321547e+01
7.574918863687376103e+00 -1.310528377296006397e+01
-4.563582265471911370e+00 2.992532988168036923e+00
-9.215433520506627119e+00 -6.138889915988229973e+00
1.593002716553515796e+01 -9.379110032464659241e-01
-3.348365511302308306e+00 1.820696047282744701e+00
-1.256909629112179516e-01 -4.461169247654579451e+00
1.174771166287621682e+01 -5.688005728134404748e+00
1.285852189643157573e+01 1.882193546107309601e+00
2.407699899909889751e+00 6.832144275038647407e+00
2.663329846352556984e+00 9.543486903695949763e+00
-1.289663824437634965e+01 -1.491477723838293912e+00
2.284707568011533851e+00 -1.358006522336520661e+01
-1.520027087260975485e+01 1.232706646090182545e+00
-1.567485140089686979e+01 3.904070978981998508e+00
-2.938128425067979776e+00 -1.493699945834769238e+01
-3.906476431521477721e+00 6.366181495364390486e+00
-3.535926573350899105e+00 2.461740626852844116e-01
2.374215370526012947e+00 -1.106009442092296524e+01
6.573543435027726645e+00 -1.528916789864462622e+01
5.672175386442773970e+00 1.143952778959937433e+01
9.498814965164946500e+00 1.012679659254675357e+01
5.127914291678365544e+00 1.577817473534067716e+01
6.375301821966459670e+00 -6.144116109911728074e+00
-9.356446262613218323e-01 -1.158273322897335333e+01
-4.296999332917355474e+00 8.169739232782170291e+00
-1.556148507176057194e+01 -2.649102478098759761e+00
5.212196369934630980e+00 -8.444099188506942966e+00
-1.181357231718500600e-01 -2.118205297769758744e+00
1.548158940785729953e+01 4.686825050561889583e+00
2.889467874702624783e-01 -8.321690138001187620e+00
7.986234458749091658e+00 6.180845954521050345e+00
-1.504266694394508441e+01 6.288381444235490392e+00
5.818466636096200517e+00 3.500792121878415486e+00
7.478896307336789562e+00 8.075019086976062965e+00
-7.529121057443802556e+00 1.372241188496418829e+01
1.060775766164159251e+00 -5.606212385967964451e+00
1.167095048355636777e+01 3.834677824932612111e+00
-6.051731378401305150e+00 4.883512960183377771e+00
9.360894318867075015e+00 -8.779807602295138125e+00
6.655378561579858854e-01 6.517580338957731811e+00
1.491118420461441474e+01 -4.964010659669080283e+00
-1.106569450056361781e+01 -4.746511470456550086e+00
-5.522024332518968848e+00 1.072912344002484986e+01
-7.386731410168113854e+00 7.165056587939329091e+00
-1.092083157842220587e+01 -1.394972430147273457e+00
-1.170694327667102286e+01 -1.119088121190408458e+01
-1.776654772516385705e+00 -8.068340993089059054e+00
-7.749315456765206278e+00 5.543526248249463606e+00
8.101671596341294190e+00 -1.115355087207930040e+01
-2.827637520827547490e+00 -4.253401771337884441e+00
-5.465361573713638066e+00 -3.029855978530004990e+00
8.824788462059025562e-01 8.585551818279490988e+00
-1.100886131093031395e+01 8.935835521105126134e+00
-2.595839768063326503e+00 1.619723373964569646e+01
1.212820386229815739e+01 -3.913317732815677630e-01
8.636052585277951721e+00 3.777803267832407386e+00
-5.659454915787804907e+00 -7.203407511449331224e+00
-6.681864254587640772e+00 -1.020699209913574279e+01
-1.405880993361756737e+01 -4.278392429745938585e+00
1.503441583112774538e+00 -9.559063755832436726e+00
-9.209888957828562539e+00 -3.280789704829423670e+00
-3.309167113785907333e+00 9.761737578584693154e+00
3.953542684105723737e+00 6.550000310897370781e+00
1.357296159388454271e+00 9.835568599877007046e-01
1.233596224676302455e+01 -1.074162184125814967e+01
1.086820126370519546e+01 -7.534570912302047674e+00
-2.399963531234050151e+00 3.174951986362351875e+00
-9.576565765136635378e-02 -1.020106462955023829e+01
-1.117126160463166507e+01 7.015604499187652721e+00
-4.123969930044831145e+00 1.611115079975849085e+01
-8.012378324083227810e+00 -8.220625448136654967e+00
1.419961063114894273e+01 -8.682009983997122760e+00
-3.233583863229497979e+00 -1.216760908660262608e+01
-9.079329042655650994e+00 1.020506910870482287e+01
-1.688647114929802129e+00 -9.994709142529114132e+00
1.142394557864790272e+01 7.834128265279360903e+00
-4.198342426613464795e+00 -8.909831059247615315e+00
-7.843673751095897373e+00 -5.107409741913567558e+00
2.927214245472960386e+00 2.100088625664255915e-01
-1.064461914546757271e+01 -7.446836197899543208e+00
1.408334123248205216e+01 -1.916925840598795006e+00
-9.392149010178108881e+00 1.359123028027457281e+01
1.511672138146131772e-01 1.494651559308486810e+01
-4.177616503176547980e+00 1.147691549827730739e+01
1.045717101193504561e+01 -3.354771355082952766e+00
-2.161228081461409545e+00 -1.057209963717795631e+00
1.231995985301210794e+01 5.504365741064678019e+00
1.626591765890395891e+00 -2.171114570386327713e+00
-3.881463118020956671e+00 4.604534165256946920e+00
9.743267870032202183e+00 2.092210151022481313e+00
-1.427398974352666272e+00 9.364198233776978242e+00
-1.637906433971473419e+01 2.398450996691046555e+00
1.488875744048255001e+01 -6.543973180749071972e+00
1.127170934292869120e+01 1.150233817287797677e+01
-9.021117778748331872e+00 1.077571729514250620e+00
3.198749827175355165e+00 -6.552060815587214648e+00
-5.496332511188576575e+00 1.230624057776875446e+00
5.931512565775054924e+00 7.161670632722660912e-01
-7.298658307857376570e+00 1.046914022637239583e+01
-1.466150520680922753e+01 8.064735192144016906e+00
-8.671557429182474408e+00 2.554310944764960567e+00
-1.432099626730483521e+01 -8.642675586555089495e+00
-8.295800947564515582e-01 -1.430910362550442194e+01
-1.311257214809489113e+01 2.137821456020468247e+00
6.280166193359878690e+00 -1.185611378085852508e+01
4.381127367967025066e+00 5.011381386987061148e+00
1.653499727187139712e+01 2.118947389080730659e+00
-3.957112186541955623e+00 -1.605755351924562291e+01
-1.460326673963322364e+01 -8.481245856044239417e-01
-9.897220375220673105e+00 3.894736115972257551e+00
1.301889684473122344e+01 -7.329336977626642380e+00
-1.011879034765758689e+00 5.967454057225111796e+00
-8.212661360844089486e+00 8.964827255868570433e+00
1.701828621796593666e+00 4.875763247679486767e+00
-5.883337358912822168e+00 -1.171778924317095871e+01
1.815814759917728338e+00 3.064044187875875735e+00
-6.416578595497794524e+00 -7.597041230337211459e-01
1.136632064798950026e+01 2.132247448221590957e+00
-1.320680175368839038e+01 9.954943626015918312e+00
4.371576807500929363e+00 1.435870061405742959e+01
-7.476454650502031285e+00 -6.811112557332496209e+00
9.467821739999898512e+00 1.341592678142035666e+01
1.106063498339012341e+01 -1.174787961530074831e+01
1.749475628853314646e+00 1.276721516534327705e+01
8.958298294044258370e+00 -3.786352648390760578e-01
