# Antenna elements layout
# Station label: stn.299.E5-3
# Number of antennas: 256
# Station diameter: 35.00 [m]
# Antenna minimum separation: 1.50 [m]
# X[m]  Y[m]
-1.037091681033750490e+01 1.100220113146406220e+01
3.728917364480246022e+00 -1.274699643389865678e+01
7.332784203322336936e+00 -8.915904432474057728e-01
-5.799740177116499140e+00 -7.544063020906111916e+00
6.888908598375579118e+00 -4.346680046737162684e+00
-1.333963023190250397e+01 3.491444102420423690e+00
9.847161065215161102e+00 1.176656858801107575e+01
7.635131147563203768e+00 -2.406153368171318974e+00
5.865779605045958078e+00 1.346177561032935444e+01
-1.326836397049725491e+01 -2.571440418854287202e-01
-5.570436518624731548e+00 -1.516927844465940645e+01
1.161552243451645694e+01 -9.591246780984228337e-01
-3.570345881901587859e+00 -1.413857510845543963e+01
3.793216008698784947e+00 -7.851725748865362675e+00
-8.893840995536486105e-01 1.094215991761793560e+01
8.040093751579000525e-01 -2.874661180673911076e+00
4.664846143238772669e+00 8.067792262604761788e+00
1.509303715020774206e+00 5.596262914512077913e+00
4.463178936550811216e+00 1.104951154215480713e+01
-4.628334327521180569e+00 1.338433023908450181e+01
-1.227244380053128481e+01 -7.662717073152597536e+00
-3.328546108885138466e+00 -1.134620892265883896e+01
-6.371247142238518180e+00 7.030051281416511699e-01
1.180866394868511904e+01 -9.026507179251622048e+00
7.484333425923388461e-01 -4.412525916083117394e+00
-7.163272407643859196e-01 7.537984138264203438e+00
1.951796036641404442e+00 -1.320712414354403563e+01
7.623907744248196394e+00 3.385806494618645246e+00
-4.372490608303570170e+00 6.067897520820793034e-01
-1.295410928181281207e+01 -5.883818449974418385e+00
5.260707722507866890e-01 1.244432383323816893e+01
-2.327583850148130296e+00 -1.158484247482764573e+00
-8.351003722202925417e+00 -6.016380878550656064e+00
1.130807476184491023e+01 5.522299550558546599e+00
-1.316260421085406307e+00 -9.127116345159345556e+00
-8.125252933225807439e+00 3.204453204879236239e-01
1.368564078804205053e+00 -1.172610957430528877e+01
-1.007173433290926567e+00 3.756010015222557286e-01
4.237913091693759071e+00 1.556564265104523059e+00
4.001066191820090268e+00 1.498999088486844755e+01
1.109964890192388864e+01 1.374292364840762559e+00
8.889502240080339845e+00 -1.548483510460432200e+00
-4.680407394854583458e+00 1.031098469212362545e+01
2.080757369949058244e+00 1.297215494806410163e+01
-8.050751779470344260e+00 -1.017202746884164455e+01
4.408704251875263935e-01 -1.029344956744609618e+01
1.301739636143378220e+01 7.232428849352526612e+00
-1.905247875709534355e+00 9.523560827178169319e+00
6.865773375470183737e+00 5.358590050018555928e+00
-7.775132134342134904e+00 2.398000906890967343e+00
-8.601975753429821125e+00 4.120302746077353362e+00
1.387083627649273154e+01 9.813679792331448937e-01
5.620284668784115922e+00 6.513133007554618104e+00
-1.493563143946953886e+01 2.528311079696862862e+00
6.824657751427338326e+00 -1.395794983716016802e+01
-3.420048405816903170e+00 3.803367943592313338e+00
-9.061755800056337407e+00 1.586951271167681199e+00
-3.745206556856581770e+00 -5.368208046093238650e+00
-7.254426070908150948e+00 -4.446280881238434901e+00
-5.476896457066724011e+00 -2.135556632805194255e+00
5.880950682424945342e+00 2.433349987430801775e-01
-1.636370407392269044e+01 3.563970470470938068e+00
-9.734251554515669369e+00 -7.718570199931860998e+00
2.582705967558041493e+00 1.847738705891224242e+00
-6.035450874305293922e+00 6.808684726623276617e+00
9.988423715935713432e+00 3.066194417428960151e+00
-4.862164552005687312e+00 -4.145239074533572321e+00
-1.064254233812333794e+01 7.600699673963855929e+00
4.487441580346985148e+00 -2.122811421972000900e+00
-2.027187890764366784e+00 1.502222062788828794e+01
1.576230134566449692e+01 5.305136008046034135e-01
1.169593543875152619e+01 -4.630974996633248963e+00
1.479974724320822332e+01 2.709476873242362416e+00
-3.642091159872975936e+00 1.461325965800338622e+01
-5.840531331824649897e-02 5.666528988613180218e+00
3.021668743983656924e+00 -1.428803730809757688e+01
-4.981798905861939630e+00 -9.980617149358426587e+00
-6.934116501125066279e+00 -1.279174092692530529e+01
4.823978504050206340e+00 -1.412334311575261125e+01
1.485579347685970220e+01 -3.914480511826154085e+00
-6.948507696709285142e-01 -3.379841556894636057e+00
-9.462228313848605410e+00 -1.144981535706789977e+01
8.431005292731846623e+00 -4.771849392213797003e+00
3.895336312478953289e+00 -9.375471319128534375e+00
6.209346294651005849e-01 -7.509028973321925093e-01
-1.651202035095029785e+01 -2.104132061865200853e+00
-1.588533620248205835e+01 1.083096312623865742e+00
-3.151706928803790220e-01 -7.164920017535276742e+00
-9.470077707359331853e+00 -1.376342641100277220e+01
2.131965050886464041e+00 -6.025023184786538977e+00
1.627340070306696163e+01 2.282631666809795234e+00
-5.615824721823305055e+00 5.103541622082449436e+00
-1.398249035235564719e+01 6.312148472872678440e+00
4.123444688127264612e-02 9.740813095102570429e+00
-9.238153664905912166e+00 1.214223410813934834e+01
-5.759084315882265770e+00 1.524422901812496178e+01
-1.257267193807681238e+01 1.017663540835632219e+01
-2.808492327325353699e+00 2.054221841080387634e+00
-7.562328647789351876e+00 -7.772232771298028808e+00
9.667715437327927930e+00 -6.596184741035067134e+00
-9.651857089863048245e+00 -4.039078295094371995e+00
2.136596719298889724e+00 1.138612269071723304e+01
-1.941376910424240876e+00 -7.102567591794691992e+00
-3.583887080146993753e+00 -2.465012972919979006e+00
8.065621371933389128e+00 9.425643152743166553e+00
7.101160585983240736e+00 -5.919476470312201144e+00
-4.465248859601821607e+00 -1.246210341162209723e+01
-3.124465679044574173e+00 1.235162387271084583e+01
8.813136200846827251e-01 -1.664454925168830357e+01
1.015231650239093142e+01 -1.093663545279707350e+01
4.900758132148300916e+00 4.375844531702174578e+00
2.287772773247965574e+00 -1.707186466440044015e+00
8.111155873228767632e+00 -1.281150359925950610e+01
-6.672818152056157359e+00 9.650909957865984268e+00
7.529247979262589041e+00 1.398545280913992883e+01
-8.622997963332888816e+00 6.913161597234672939e+00
-1.104450059821207475e+00 -5.550677273561730019e+00
1.545561824658506112e+00 7.487342259399429878e+00
-3.669478268583871383e+00 -8.165450791136430908e+00
5.045523269186311666e+00 -6.463184931123741706e+00
2.722689224410068221e+00 3.425991001367471256e+00
6.663037370824032024e+00 8.291558549843582426e+00
-3.018907945393106473e+00 1.059945317256994102e+01
-4.685634528106135122e-01 -1.509727530265051598e+01
9.942404608328551774e+00 6.217397251606975317e+00
6.249839963254377295e+00 2.389627320003420152e+00
1.118127752101484518e+01 -3.191370954921609382e+00
-1.037036937183735752e+01 -1.619265390538490834e+00
-1.022845127823367406e+01 4.445877622355343561e+00
-1.321103528368387892e+01 -9.799718794260719790e+00
1.460748401608419300e+01 -6.794045058374603485e+00
7.268464244724448520e+00 -1.135609505044204681e+01
2.386655654100589885e+00 -4.454474041295105380e+00
1.245767095927694967e+01 2.498622933751708075e+00
8.174496270671941289e+00 1.312142842229086170e+00
-8.920835558823638323e+00 -2.312302317660988038e+00
1.281889374056110498e+01 -3.224267098493031725e+00
-3.275227569214926859e-01 1.369312133240886098e+01
9.860753398184339602e+00 7.774448755549983048e+00
-1.540590912064170581e+01 -7.204459231251369999e-01
1.069790958374152723e+01 -1.243753691129683325e+01
-1.413150116023446934e+01 -7.231506026149268962e+00
5.059465938217115877e+00 -4.716534860959596287e+00
-4.863530211628809496e+00 2.300783587026494104e+00
-2.856628489896456458e+00 -1.603393769418349635e+01
1.161117151203882258e+00 -1.493740405428378182e+01
-1.549060425386009143e+01 -4.126359490469400981e+00
8.028852003089422595e+00 -7.845509736088050801e+00
-1.189736672850424526e+01 1.941792766705098927e+00
-9.839276107523744486e+00 9.139353207464033346e+00
9.157788160222860796e+00 4.501188167148516328e+00
8.941708016666364500e+00 -9.319294351022676892e+00
3.938997968617652390e+00 -1.118975336892604489e+01
1.141616344734158162e+01 7.854356304915199871e+00
8.300520776148019308e-01 3.144196181394477208e+00
5.394171295049567050e+00 1.569557035150936031e+01
1.382469906608838528e+01 8.890567258494346703e+00
1.006614037049381594e+01 9.306236523282152007e+00
-2.601253446825460003e+00 7.494149770313988768e+00
-1.253742117323105454e+01 6.735459769364219085e+00
1.017630943509845665e+01 -8.067061959022293394e+00
-1.238302271741646976e+01 -1.108650132252587639e+01
-1.354080870197840980e+01 -2.149340358547464191e+00
-1.097659447658193343e+01 -6.662283376886765751e+00
-4.282759492257545375e+00 7.590225453981933157e+00
1.471920187673255498e+00 1.579210214099312282e+01
1.662238851912093907e+01 -1.902760002461082678e+00
-6.117976243801892977e+00 1.191497709603094535e+01
-6.599759262757135758e+00 -1.083496740705147943e+01
-2.450876766815021313e+00 -3.698336112832478761e+00
-1.459524406294647747e+00 1.644089946351524389e+01
-9.757001960427178489e+00 -9.382604173723596119e+00
-1.085426445484301716e+01 3.747021118981272991e-01
1.619869951126009511e+00 6.910004980226851501e-01
-1.562133920952890342e+01 5.555489947606659484e+00
5.856867281368820954e+00 1.171880489218093047e+01
7.613171390978656916e+00 1.239044617137386695e+01
-4.042620970787311308e+00 5.630092847993061866e+00
1.863313109314134408e+00 -7.946062837667454914e+00
5.544393921606570075e+00 -9.431389253561853536e+00
-7.127892453954096652e+00 1.414055578083986120e+01
2.584342023932588717e+00 9.933682416887283040e+00
1.538644716102412957e+01 4.149488063629192425e+00
-1.562467768697510806e+00 -1.317839238484469178e+01
3.433156120774480513e+00 6.845876006413689652e+00
-1.633147446328917951e+00 5.426705132030257062e+00
1.182497957634252117e+01 3.965601309838309163e+00
-1.157997390800936799e+01 5.114806141912467297e+00
7.182689347493738552e+00 -9.600973817637498797e+00
6.023414653985277312e+00 -3.116759070018957800e+00
1.224939986882286291e+01 -1.112822104608578044e+01
-1.113382555838910548e+01 -5.044507438413530664e+00
-8.188885013244309619e+00 8.407259202961594013e+00
1.236451273310099097e+01 1.015737634563389946e+01
-1.196292313606384283e+01 -3.552317676241999678e+00
-9.993594686308423292e+00 2.810241744704342182e+00
-6.570372665418160452e+00 -1.035754843693862171e+00
-1.438027260267699070e+01 -5.158352158055926395e+00
-8.126117967262334929e+00 -1.463820513475483409e+01
8.247009945466594161e+00 6.489205259615317800e+00
-8.288052135688609212e+00 9.991179186931695710e+00
1.128255339372750399e+01 -6.737697347091360811e+00
-1.160194645613078457e+01 -9.396936298691572986e+00
1.384490080699632486e+01 -8.864487122155889409e+00
-5.734526818518338231e+00 8.403125727487751107e+00
-6.453389440696467361e+00 -6.154456215940868447e+00
9.548396647618517363e+00 1.887917492859330082e-01
1.429200001890598770e+01 -2.340255284874288577e+00
-6.987470525437322166e+00 4.093604410661555448e+00
1.371023343150862672e+01 4.962968936969897271e+00
1.128238640286163275e-01 1.637934829276257886e+00
-5.032318607890466922e-01 4.151034008440404932e+00
3.343782251128750715e-01 -1.292386449740090271e+01
6.179232427157732133e+00 -1.258265236816851207e+01
8.233029958036617302e+00 -1.450779471978139412e+01
-1.234097952414735921e+01 8.606743696951884459e+00
5.246487331575366397e+00 9.497821061512148333e+00
1.284093353293498652e+01 -5.864179270913620456e+00
-1.427913509065587760e+01 7.793396480000318149e+00
1.492475267242472370e+01 7.458263262573286312e+00
3.684661282159012785e+00 1.330604356611546635e+01
-3.475579422674099916e+00 -9.710591178715482386e+00
7.171938596264709531e+00 1.069647323176532439e+01
4.049910340283762622e+00 -6.272460187060246994e-01
1.525584339663140554e+01 5.758603953822600374e+00
9.338273714636809331e+00 1.354195002366185818e+01
-1.264082584998732273e+00 -1.653196767132414990e+01
-1.454803193212470092e+00 1.250666285625981544e+01
4.130647670273155825e+00 -1.578851457530709723e+01
-7.546047042158043894e-01 -1.504342320955597501e+00
-1.350761880304955120e+01 1.842094105897910339e+00
1.569541341540102763e+01 -5.415189477713505894e+00
9.596683041677575687e+00 -3.513981576342150248e+00
3.144988291806452452e+00 4.911926045928051821e+00
-1.195536498284235982e+01 -1.146495558866742925e+00
6.344952697109643935e+00 -7.433753061832339526e+00
-8.966097788933323542e+00 1.380281217553608641e+01
-1.390618611314670616e+01 -3.616284607395417794e+00
1.231827984096378259e+01 4.058751139712519773e-01
1.339603019378820292e+01 -8.632742019700998526e-01
-7.354379980396689831e+00 5.756410251451210769e+00
-1.070214066714333612e+01 -1.249403238410672223e+01
-1.887551845525770489e+00 -1.069906160642200277e+01
-1.013262642937076841e+01 6.143825813345635822e+00
-8.175854141619609550e-02 1.535824397671382968e+01
-8.446751019679050287e+00 -1.261415500104106435e+01
-6.327602764127314927e+00 -9.029001118328766395e+00
-4.082864018039810361e+00 1.620932972324975196e+01
-4.317355569596969644e+00 -1.138878387794761693e+00
3.014946237795427919e+00 1.629339080942136775e+01
-5.739632487234160862e-01 -1.161908666391646072e+01
1.311278142326422369e+00 1.427063632645769431e+01
-1.543266226521430617e+01 -6.451987696382586179e+00
3.655820673435876245e+00 -5.415557279039184380e+00
5.758518636588533468e+00 -1.563072120264513920e+01
-7.595163345161729751e+00 1.223527754940855061e+01
