# Antenna elements layout
# Station label: stn.145.C145
# Number of antennas: 256
# Station diameter: 35.00 [m]
# Antenna minimum separation: 1.50 [m]
# X[m]  Y[m]
-2.287468191815014151e+00 -1.220455603923861787e+01
-1.032392280992119993e+01 -4.036082005044411503e+00
-4.498728833882340794e+00 2.098540578754008123e+00
8.471529664717820651e+00 1.354594654072093718e+01
-6.794948394480222476e+00 1.062334262091952297e+01
-7.896495357723487984e+00 -2.730134806025844796e+00
3.086322838561645909e+00 1.026130055166250798e+01
8.950912700362803065e+00 6.863019908548352532e+00
-7.552863742020221594e-01 -1.152618783977193218e+01
3.752381361168236396e+00 1.593690701326218573e+01
-1.605808039282007371e+01 -3.646808395939599379e+00
-6.370294283760536302e+00 -6.369065324474931344e+00
-1.341329185846958438e+01 -8.063610519891867057e+00
-7.681677476319542563e+00 -9.239429771192533281e+00
-1.493596077899761987e+01 6.073802294717630446e+00
-5.691257448769343696e+00 1.328557200950575634e+01
3.159325483458889749e+00 -1.064377799752641529e+01
-5.886762793883223210e+00 -1.366700433326881381e+01
-5.279164424984861270e+00 -1.536400233569419171e+01
-1.411491849013857092e+01 1.011411873052889376e+00
5.303301468759940462e+00 -5.642781810073175919e+00
-1.518259324211615535e+01 -1.239134457492205854e+00
-3.802659333379132534e-01 2.967718840895582133e+00
3.369909738329390336e+00 1.301627834782829041e+01
9.980281587959002110e+00 -1.163127769590205318e+01
-8.847700678889284021e+00 9.742767618425109077e+00
1.128935797769888438e+01 -2.209166282335941034e+00
-3.567320319249079219e+00 5.924255049944129325e+00
5.617816085366271750e+00 -1.325610518497719781e+01
-1.115860408752087807e+01 1.682097578103398661e+00
4.760828496997007164e+00 -1.505546448611615418e+01
5.935748350814218810e+00 2.200027926531507916e+00
-4.048439843939920735e+00 8.941975330238427944e+00
8.218255187237939907e+00 2.780860330509533185e+00
-5.538386626625078080e+00 4.561092799066383208e+00
-2.361982685731724985e+00 -4.474229798920603685e-01
-1.364945135540094334e+01 -6.696540265685939630e-01
1.526529176208257610e+01 -6.345034044151297792e+00
1.720351529688812775e-02 -8.933747791583279252e+00
-4.727896819978836263e+00 -2.274497026966072255e+00
-8.541220633955402874e+00 4.078060799692735827e+00
1.289957599891218365e+01 -5.819152799554151656e+00
1.140335894703987663e-01 8.468726457788616102e+00
-1.137429019948395492e+01 -1.774456152588133051e+00
-3.741671771813040337e+00 1.381789246089999423e+01
7.042837556324982984e+00 5.541163665821216000e-01
7.054505212460231434e+00 5.671942353248809354e+00
7.082130986608106582e+00 1.067102027544844489e+01
-3.190838826456655397e+00 -1.593861906547828511e+01
-1.883414061131599482e+00 -1.986958805579023490e+00
-7.922290641718365833e+00 -1.149322383961550642e+01
-2.000303334115358211e+00 8.604405028703055791e+00
1.845018907878024805e+00 -1.258356678673756335e+01
1.195554092234252863e+01 -1.040502373405577252e+01
3.989329032584890911e+00 8.052988847173168097e-01
8.954184359890458467e+00 -1.050177633578040570e+01
9.875768841038365053e+00 -6.431074799055089386e+00
-4.591921503705089336e+00 -6.301703227133362617e+00
9.473032728893258536e+00 -8.294560887882653333e+00
-1.743713043327055345e-01 -2.652851884630381463e+00
-1.094123770140786434e+01 7.592674526893798514e+00
-8.529811112816112484e+00 -3.464099949177565918e-01
4.992485885261039869e-01 1.632430230259333115e+01
1.357902240158164275e+01 4.280232809351076639e-01
8.969276151997625846e+00 1.211755688751123827e+01
7.245597501142889030e+00 -6.259588571989464612e+00
4.332726760631469887e+00 3.808796751969744321e+00
-1.262498593721988449e+01 -1.093452458017813633e+01
1.267280455703303588e+01 -3.788330841943793104e+00
-1.910738459639384601e+00 -7.456711302454856138e+00
1.519684129885767021e+01 5.372635968290992992e+00
6.594169674423337568e+00 1.403637114254945928e+01
1.541816485716040575e+01 1.264850436266392819e+00
8.764637329203065264e+00 9.393053969821256288e+00
8.214914939133429073e+00 -1.313765856534818255e+01
-6.505063794518939346e+00 7.763850003555020862e+00
-9.009635237132000540e+00 1.206888428055348328e+01
6.708263129072022934e+00 -1.117106072311965903e+01
3.758996177002558170e-01 5.276749165391287022e+00
8.849735692621070626e+00 -2.202290797606259787e+00
-1.221592673528294348e+01 -6.746344577838961243e+00
3.319644309015991723e+00 8.309014910894216399e+00
9.139832335240807737e+00 1.382612288009656965e+00
-1.239737861127978391e+01 1.061371008992173159e+01
7.714160081477750452e+00 7.948851325660946543e+00
4.718328422036140779e+00 -1.532866539615838519e+00
-5.311807815345375161e+00 1.570938618338797710e+01
-2.377016288951329770e+00 -5.671155116614816194e+00
-1.193477797658968242e+01 -3.716632170605537411e+00
7.726063540521352024e+00 -8.226762259173199254e-01
-2.121034419668447413e+00 1.481308496530587604e+01
-1.014049061627854798e+01 -6.120460461876280789e+00
4.709001527165174394e+00 7.047089511433775044e+00
-1.395919687750687999e+01 4.881219048955451001e+00
-5.930743965953682917e+00 -9.171142457919678748e-01
-1.107962370625113735e+01 4.370045945062528858e+00
-1.647461127385592761e+01 5.077589231884829246e-01
2.110082512592402537e+00 1.143880280905877456e+01
-3.910202403562612616e+00 1.110960660730471972e+01
-1.429725092485720772e+01 -3.522277768652669394e+00
1.359323670094036984e+01 -8.289279630508987751e+00
1.083874327667399839e+01 -4.351131578921645371e+00
1.764216512670383707e+00 6.733492110694196953e+00
2.135259772835375713e+00 -3.711798086391588924e-01
1.478425130453146608e+01 2.814151862002223226e+00
1.044115851069409118e+01 8.943184466203774718e+00
1.438503109641175115e+00 -1.406687477611461290e+01
1.256147841081882177e+01 9.132844789087293691e+00
9.927669644374219615e-01 -1.039551595585550992e+01
1.171730469892331783e+01 -3.988900178157201992e-01
-1.254274919714959324e+01 7.250042156521274705e-01
2.095993823915367926e+00 3.067295625958582406e+00
1.137916157918768434e+01 2.278343756797450936e+00
1.880921749564102186e+00 -3.754443245036794607e+00
-3.118304198118586612e+00 -3.331541190499031302e+00
-8.244354421925898180e+00 6.950711774095040596e+00
-1.867996138698904574e+00 2.419078194147555649e+00
-1.408791491824040776e+01 2.742854612044869356e+00
-1.077345425542375068e+01 1.051635822944814791e+01
-2.922201347140045868e+00 1.637143933102783677e+01
-2.705704338638856399e+00 4.394690791248699213e+00
7.787908398683359934e+00 -4.282901150393222167e+00
1.245743306771071701e+00 1.488378812852916155e+01
1.324003954648622283e+01 2.041680477518237780e+00
6.220548046247973417e+00 9.339501075791144302e+00
-4.448940173251779484e+00 -4.447319424082252226e-02
-9.967188381693052435e+00 -1.061327064782055629e+01
4.087165947454920456e+00 1.161142971680004621e+01
-7.298456881081900605e+00 1.432509507384333602e+01
-1.957702249596112054e+00 5.698146934149015408e+00
1.071287908417203738e+01 4.281577670554504778e+00
-3.740085032773343698e-01 6.891182504432876499e+00
-5.735667331220106746e-01 -1.570861699793262645e+01
-4.194482406176849310e+00 -1.030579741466196886e+01
6.737016542159047106e+00 -1.442475892886055000e+01
1.611073894077716773e+01 3.569227256636573031e+00
3.487853036485422109e+00 -7.630864532632585906e+00
1.206828890038910629e+01 1.114232805891995071e+01
6.449620224101984434e+00 -3.132776203404564086e+00
-1.341094157950677968e+01 6.375254982454510611e+00
-5.904304162886001350e+00 -4.816792427047621672e+00
9.574805148003434851e+00 -2.113673860440563601e-01
-1.068155146829340651e+00 -1.001876102586983563e+01
1.342969767266369985e+01 -9.836388962929699886e+00
1.615092749324568899e+01 -9.259355117733321094e-01
4.708630327620561218e+00 5.347626110467587068e+00
-1.386472409308569809e+01 9.155679053516831090e+00
6.117239788709355253e+00 -7.933545967584892722e+00
-2.275058587744673844e-01 -1.348770535955639183e+01
1.350955567828455983e+01 -2.474973557968333182e+00
3.206471493824050611e+00 -1.424073172820787292e+01
-6.226955256983941922e+00 1.157018755407701605e+00
3.875487521711104222e+00 -4.508920077523582037e+00
1.606742010956997291e+01 -3.942020904378757962e+00
1.219067620747701142e+01 5.932922163518188796e+00
-2.098513301090392247e-01 -4.754373434810069909e+00
-2.109196536905285413e+00 1.221964691639273681e+01
-9.683008201629146328e+00 1.235900750652028535e+00
1.155463516497729515e+01 -1.195301603487933129e+01
-1.612124699262183114e+01 4.467916225914752459e+00
-1.063002127513578543e+01 -1.217252598669427854e+01
-3.849794827179502832e+00 -4.888322941187132287e+00
-7.840338298039005949e+00 1.833062357396681108e+00
8.844301758651770484e+00 4.270977869161054485e+00
-1.059040165947122958e+01 -8.942887270019788559e+00
5.206591295628680172e+00 1.507862407635180091e+01
-9.396165479020730515e-01 1.002841548097865498e+01
-4.133903182842294299e+00 -1.405164443442499511e+01
-4.838613639745048545e-02 1.331706169999081979e+01
-6.033346219501270369e+00 9.256304182425211025e+00
-8.370386618331924211e+00 -6.173872694082739088e+00
4.515019407667914209e+00 -8.747612685071640470e+00
1.050716382543746974e+01 1.061091524452245949e+01
-5.876906644497532639e+00 -1.021208889414767640e+01
-4.882052107917026262e+00 6.872874973719035552e+00
1.099031584235561709e+01 -7.466479590511209352e+00
3.358678829170557378e+00 -1.586247303776601569e+01
6.292327849079057955e-01 1.624772773361922162e+00
-3.959566012309423400e-02 -6.296485255902620537e+00
-9.829003688793850557e+00 -2.308470041749773216e+00
3.756487557239651665e-02 -1.196369328179649472e-01
-1.281380437232114744e+01 -2.475377192730570997e+00
4.991322211110819751e+00 -1.126968014941998320e+01
-7.654624796081821003e+00 -7.547344069494823060e+00
1.063773809593263664e+01 1.266344638224943253e+01
2.225154434966036376e+00 1.306172360014798528e+00
2.067083584187461298e+00 -6.064947555465025175e+00
-1.079760265977370182e+00 1.666911049768130937e+01
6.810610917919529328e+00 -9.433931512589710522e+00
-1.503789585317315414e+01 -5.762475000867597785e+00
-1.295487366328688417e+01 -5.088351142791042392e+00
-1.103419077459142628e+01 6.045611589077214632e+00
1.385687106454455275e+01 7.079795766613390384e+00
-1.259168110317496492e+01 3.311724552931217147e+00
1.523893719318412820e+01 -2.514799063451626182e+00
3.868833815195564796e+00 -1.240095110875009610e+01
1.412106381976730773e+00 -2.074816728631589058e+00
1.023099835392173418e+00 -7.679991368149986286e+00
1.724212614016085610e+00 1.319019832832843520e+01
-8.857465647071681047e+00 1.361113672011724773e+01
-6.590898401050456101e+00 3.117419921883875844e+00
-4.308356291972541996e+00 -8.325786130295716347e+00
-2.491137261962755645e+00 1.058140216436346392e+01
-4.709328760197633912e+00 -1.256830223967087257e+01
1.231904422983035019e+01 3.592011562519662249e+00
-2.113694389752767577e+00 -1.439258385178337818e+01
1.107256702325721776e+01 7.447097260055457468e+00
1.451077187855462824e+01 -4.817855655006395565e+00
-9.519594509369953883e+00 5.232043372819106253e+00
-6.834103353367922296e+00 6.224431478576054388e+00
1.295178521815046224e+00 9.430720631017511124e+00
-1.645278925740992904e+01 2.217220025259646121e+00
-6.242788862225442159e+00 -8.539511993961982128e+00
-9.360587559704280025e+00 -1.359015976766848155e+01
-5.475389070959330695e+00 1.160583464569677048e+01
-1.124010398451466486e+01 1.236224759869721979e+01
-7.708977310498720925e+00 -1.339245967683930161e+01
6.361375137326252371e+00 1.216201352526996615e+01
2.192960266799559577e+00 -9.181026332867842754e+00
-2.625913727110301465e+00 -9.726983108896513741e+00
-1.006088589624453533e+01 -7.093110501356534314e-01
5.392697793545266904e-01 1.090300340822514258e+01
6.501081773880766690e+00 3.640812794501499638e+00
2.974452682424846728e+00 -2.593627021514262054e+00
1.207996032975611200e+00 -1.644306772955739149e+01
8.035435632431379815e+00 -7.614482132748927157e+00
1.444932957008133911e+01 -1.068335187992737190e+00
2.540782796363938445e+00 5.374256958622481761e+00
-6.928158616886545218e+00 -1.511546627107358631e+01
-9.334237373512214830e+00 8.034451885336785892e+00
-2.579523766446190081e+00 7.096942531411453814e+00
6.368790348516288446e+00 -1.626593207510975247e+00
5.569956462268670805e+00 -8.825017738618612384e-02
-7.585160440258679415e+00 8.889179858234339093e+00
-1.496427916656222123e+01 -7.301205594134104970e+00
-7.192492843581579365e+00 1.239533521910639635e+01
4.656612087312183235e+00 1.010958198967995258e+01
1.380709075754143100e+01 4.758858728094363499e+00
-1.277954633120674721e+01 7.927568433490559840e+00
-2.802011395655375381e+00 1.118762625439494229e+00
1.074381480165938640e+01 -9.397643339141499297e+00
-1.664339004610997819e+01 -1.853637217232629197e+00
9.053166423459501289e+00 -5.171968495076798789e+00
-9.530413103996885127e+00 2.836709881644328135e+00
1.217036039025775196e+01 -8.918989167830105202e+00
6.329684437532712593e+00 7.223863001163039144e+00
-1.172702949517089444e+01 9.110872744385233091e+00
9.706610968588410771e+00 -1.352278389301281614e+01
9.936357183431532292e+00 2.740055001555393943e+00
4.970910081912339962e+00 1.300104013145935866e+01
-1.087759453863071712e+00 8.844250047572828066e-01
-7.121722486550165598e+00 4.626497260573696479e+00
-9.272616319960318876e+00 -7.449243653750345473e+00
-1.203410909813758423e+01 -9.365784584132910595e+00
-8.289499690657137876e+00 -4.583630479436221705e+00
-1.465189297213526487e+01 7.552526536269098756e+00
