# Antenna elements layout
# Station label: stn.005.C5
# Number of antennas: 256
# Station diameter: 35.00 [m]
# Antenna minimum separation: 1.50 [m]
# X[m]  Y[m]
1.176012644057329481e+01 1.057947164705430865e+01
-7.343117832497256359e+00 -9.485665167479311322e+00
-5.297787982753021652e-02 9.573075965913670160e+00
-5.874704285965343331e+00 1.049727257103711153e+01
1.673081572712046494e+00 1.165264937424797509e+01
2.024256104824441849e+00 1.466847701259907666e+01
-9.097106994429982052e+00 1.312158019307490875e+01
1.031450637370755530e+01 -1.194603026679722291e+01
-1.571115630026786647e+01 -3.401283473153199566e+00
-3.577701315848143437e+00 5.120854582645684161e+00
1.452077344252279545e+01 -6.551949582518538762e+00
-7.107711669179717973e+00 -1.112890165170558454e+01
-1.691538337437791029e+00 9.152030572004470343e-01
-1.375593226656430268e+01 5.925171446701220646e+00
1.052446695639438801e+01 -6.659149871200579440e+00
1.769035657640465331e+00 5.353401969892139789e-01
-9.782209868017943677e+00 1.589070013814751547e+00
-1.177416213823749302e+01 9.310515591109957967e+00
1.463154605797086560e+00 5.303099297564596526e+00
3.001466721600031917e+00 -6.691977715332965815e+00
-4.081815261789557781e+00 -9.652629416136697671e-01
-9.769285366172383078e+00 -2.952713765495175835e+00
2.498327045029370197e+00 9.952446805568545329e+00
-1.536369335920007018e+01 3.394729002895626735e+00
1.577138475368494852e+01 -4.688386918904958733e+00
-8.859541315163458108e+00 9.501067456093295505e+00
-1.935386931454106119e+00 -1.376052334393875931e+01
9.853062427073663088e+00 1.491326674952617282e+00
3.637814571977660449e+00 5.057686863622372186e+00
6.419185787718493685e+00 -1.161422893640640019e+01
9.916190318908924439e+00 -5.715273007615486733e-01
-1.380542129305674059e+01 -4.871546084387397002e+00
-4.951180873725094855e+00 -1.317727688006326048e+01
2.265490754606922508e+00 -1.267769867246246385e+01
7.142511199133778632e+00 -9.826157330878405816e+00
1.158558270135704049e+01 -8.553017991882224891e+00
1.015486676367512331e+00 -7.003936909331512695e+00
3.317145738799506915e+00 6.743147038289666995e+00
-8.117698995418081154e-01 4.862601699674133471e+00
-1.162488467078301468e+01 3.499894722974385530e+00
1.088506499513630033e+01 -3.568142890076265061e+00
9.739704666782767362e+00 1.342426779360073397e+01
1.295212995185633531e+01 1.622291038680099717e+00
2.599615021960467232e+00 -1.842736430755746113e+00
1.457302227615926427e-01 -1.059596557795313743e+01
5.536964543827867402e+00 4.161202641333421326e+00
8.039339578090114458e-01 -8.524247093331451808e+00
9.165628572307692679e+00 8.593546657157720148e+00
8.844289384956468325e+00 5.987865649766213494e+00
4.999507124845049333e+00 -2.179161982624675531e+00
-1.062508142843153891e+01 1.272132711451830644e+01
-4.557693456641048968e+00 3.847196209092107466e+00
8.907892479527994567e+00 -1.272096299541132680e+01
-4.731012691803970327e+00 -4.873930243276426211e+00
-8.987165760173034812e+00 -1.046820629219598509e+01
7.323161206117735134e+00 1.018596619670973169e+01
-3.881623749932273881e+00 1.590078721183962074e+01
-1.292786476688160491e+00 -1.634315639871384818e+01
-6.486124357114942285e+00 1.988272701030687983e+00
1.698039860627996944e+00 7.323211420246483527e+00
-4.006462907958894704e+00 -7.431334367866659463e+00
1.150134747480789343e+01 3.772542553449373059e+00
-1.200054383160221505e+01 -6.114307362938475876e-01
-9.620548372123494119e-02 1.148289820658554206e+01
8.723994416519772699e+00 -1.096022880394475507e+01
-1.551538743452741897e+00 -1.217924831865674662e+01
1.305760142030706916e+01 5.015292953646998342e+00
-3.212130281026773559e+00 1.010755956654997334e+01
-1.073253333405543231e+01 6.191811386805127881e+00
2.988036124130744042e-02 -2.248899267289772297e-02
3.661506086399928250e+00 -1.067352239926084145e+01
1.383105748085478481e+01 7.863295869092887358e+00
9.545445692964186435e+00 1.036407952180910996e+01
8.588467242420332326e+00 -4.297815567404503767e+00
6.819666747253421590e+00 -1.455204921380279615e+01
-1.134884459923657474e+01 -7.812645936671950508e+00
-2.543153187702733575e+00 -1.616242509581475417e+00
-9.342784919593647430e-01 -3.188416461271675217e+00
5.023072700943913560e-01 -5.392149892800945921e+00
-1.242151976556990967e+01 2.103359744830783029e+00
5.168471971903841222e+00 1.469359595697950738e+01
-9.231546987084261247e+00 -8.379918417626317506e+00
7.792695191346826533e+00 -6.074886320236805304e+00
-7.806287030116832781e+00 4.078043380247418526e+00
-6.949590876334577061e+00 -1.403854741803995765e+01
1.318658203886790758e+01 -5.422630924248146300e-01
1.271052287624108246e+01 -6.304836575970268697e+00
7.854027487324785284e+00 7.839616186941718468e+00
-8.605036963720223753e+00 -4.041840203234434270e+00
2.085104442716044559e+00 -1.456825002134994662e+01
1.210726339185893607e+01 6.681914252830431167e+00
6.735718268062313996e-01 1.567456844105489466e+01
-7.053620111006260629e+00 -4.335690020489513685e+00
-1.502989607999628774e+01 -6.393036149734159679e+00
1.516555466633483462e+01 5.461134469144884207e+00
-8.413932721524782110e+00 2.520609999811600943e+00
1.636336184272548167e+01 -9.830057582151141560e-01
1.403645153325044248e+00 1.329387411145731690e+01
-3.019041640616046962e+00 2.484082204169961727e+00
-8.979656913089117509e+00 -6.322032962021570057e+00
-4.493546570631002268e+00 -9.201622001776037507e+00
5.464620078840582096e+00 1.026237924071396179e+01
2.946704669281484001e+00 1.604096102438894889e+01
5.226278799556006049e+00 7.722761256296340804e+00
-5.594162255635557912e+00 -1.032134196380824775e+01
4.062217623114136700e+00 9.298374028114153589e-02
9.516844975132638496e+00 4.021184389826132133e+00
8.349101916006805624e+00 2.759694008320863645e+00
-1.097289347375628665e+01 1.108996005664862139e+01
-6.968953525655489756e+00 -1.103875661270709685e+00
-5.905899252341830774e+00 -1.522229009488725637e+01
7.101884722502003200e+00 5.412882369075749267e+00
-1.246298333493751542e+01 -3.361267834252824827e+00
-3.110794137718434271e+00 -1.616761148671709591e+01
2.570927592223632985e-01 1.943744463295026037e+00
1.484702961341737648e+01 -2.405898914970009628e+00
4.566461944988962074e+00 -1.590317904090301049e+01
-1.385252617331463654e+00 8.004074990300942716e+00
-9.280612132997942965e+00 -1.279246138976857594e+01
-1.394457934486236006e+01 -2.222892479749724259e+00
-8.669974950343982911e+00 5.881184900649525815e+00
4.699388315898520574e+00 -8.191001092875040968e+00
-2.726974210627973960e+00 -1.041663156516892030e+01
-1.228563391549973005e+01 -5.807265274575211578e+00
1.373320120451959170e+01 -9.433158546265099531e+00
1.534126874912398364e+01 2.743021116580646179e+00
-1.023972775153307779e+01 -1.132365458991023566e+01
7.586151775497654626e+00 1.170317205247777181e+01
-3.696069683929215088e+00 1.251526494622773100e+01
1.782449336015314856e+00 2.150550116007583057e+00
-1.034243362312011527e+00 1.540018267291652876e+01
2.080047961265108825e+00 -1.099596355301719797e+01
-5.651426666564027812e+00 -3.324913360332496737e+00
-1.559105293381836432e+01 -1.634321710026926056e+00
6.025097950187131346e+00 1.366826071692770483e-01
6.509154663813269792e+00 -6.915092523149043657e+00
-4.626404059749583908e+00 1.440324217616036506e+01
-1.612029209102951555e+00 1.100777901180147467e+01
1.080019029497585592e+01 8.367268192137490956e+00
-1.428151350064074698e+01 -8.444043020074859740e+00
1.492414608357913153e+01 7.961998927541529270e-01
3.340837294931873203e+00 -3.642266522043518862e+00
1.270632034883388428e+01 9.385623479572576144e+00
8.515470127227565911e+00 -8.398927251284641571e+00
-7.324220600272843384e+00 8.651549591652681670e+00
-1.925706354409593146e+00 1.348344470680385854e+01
-6.156996427188621723e+00 1.433092120342208275e+01
1.183759745951366327e+01 2.827284663324185487e-01
-9.469911030896952298e+00 -9.429838112597934696e-01
-1.056866932948389959e+01 -4.895193252679854723e+00
7.873468920506240920e+00 -2.210529525328052358e+00
6.075806406182699959e-01 -1.528999252515753327e+01
-1.409258052518235971e+01 2.489098289133863773e+00
-5.071189784345181195e+00 8.780689816725328001e+00
-6.138716300409170046e+00 -6.205376981700215566e+00
-9.492917189994308558e+00 1.165244463302774136e+01
-4.310994762172597916e+00 6.730628318498830254e-01
-2.933424251832914109e+00 -8.821602945333101076e+00
6.306977481563773580e+00 -3.531603038964190588e+00
-1.519984870208744709e+01 5.474958507967038202e+00
6.381933903923616924e+00 -8.415996677151657224e+00
1.007991689537042745e+01 -2.264291097484512960e+00
-3.554367059605020529e+00 7.363306922553377376e+00
-7.398872291783421318e+00 3.925534062877140684e-01
7.929901493918517730e+00 5.251639478777008208e-01
-7.799099048822672131e+00 -7.834631626562519102e+00
4.059550315794712816e+00 2.078993125921215324e+00
-1.552717427119125304e+00 -5.870924990766750895e+00
-1.416763991916210230e+01 9.541375424193851984e-01
6.450927595439353013e+00 1.296464686115399800e+01
8.176196865354693699e+00 1.460327604956574277e+01
-8.982260387950802283e-01 3.300590318690815650e+00
-5.993037760017328353e+00 5.023948376002252303e+00
1.299004972383229628e+01 -3.566395123775249587e+00
6.352729921004634406e+00 2.464370157189641475e+00
-1.622060800898858091e+01 -2.316656297274519716e-01
1.186984025667653952e+01 -1.343357719877232626e+00
-9.874566951851917906e+00 3.385486243879643808e+00
-7.313825692302881265e+00 6.835567270480069624e+00
3.380243355778926428e+00 1.234753659552801963e+01
3.614114074473196325e+00 -1.436483140230604860e+01
1.413985630260695103e+01 -5.041216695887026589e+00
-3.689802089915804828e+00 -1.222452453607504808e+01
1.470667598907541418e+01 -8.244355622294534669e-01
4.555151803899967433e+00 -5.284025857481941202e+00
1.251107614049365324e+01 -1.048337613662428325e+01
-1.632632663323735756e+01 2.040741838810966158e+00
1.179450550541282894e+00 -3.635228594810653746e+00
-1.199380916947591302e+01 -9.215961874646568575e+00
6.607674169989088853e+00 -5.049027932187149403e+00
-1.261553130801443068e+01 1.089838169622871433e+01
4.506847633978367185e+00 9.053785911190683322e+00
6.506354011283026040e+00 6.886835763419913548e+00
-1.427791949693173379e+01 7.909910748054898022e+00
-1.300214691442487691e+00 -7.688078718470920947e+00
1.672417773678222375e+01 9.190880865548258782e-01
4.728485790330552163e-01 -1.335629215767434808e+01
-9.439434692062816268e+00 7.794633763410327987e+00
1.056767037158222067e+01 5.816689642390482362e+00
-6.031135550111718757e+00 1.248815575159225943e+01
3.687333881891387222e+00 1.412193537276975164e+01
5.117155984347466102e+00 -1.246410532825622930e+01
2.951955746504026479e+00 -1.595613616740263652e+01
-1.368056134314931427e+01 9.604841142456987058e+00
-5.770747193923067897e+00 -1.184763149972467033e+01
1.011715356958645273e+01 1.177950419031403584e+01
-1.237995885557705300e+01 7.506866729131161264e+00
2.611367506307477271e+00 -4.983286174520612732e+00
-3.900384527968196124e+00 -2.470907125744647104e+00
1.037371635837448736e+01 -9.982201600169691602e+00
-1.381253619540655819e+01 4.182627694924669015e+00
7.284623534648623888e+00 -1.290519994378338353e+01
-3.691566914277677469e+00 -1.440658894414602642e+01
-5.566683055962240445e+00 -1.742840442246910371e+00
3.409560314372463097e+00 3.442629737893192043e+00
-3.136470514435108825e+00 -5.762685798239070678e+00
5.521401369894682887e-01 3.727482508454553312e+00
2.718529784865683752e+00 -8.911297781176292787e+00
-1.970610060166343658e+00 6.540804707955381048e+00
-2.615926498999375127e+00 -4.099860574305907335e+00
-7.617548761028240634e+00 1.469493200917462872e+01
-2.195620990556356844e+00 1.658665030806318441e+01
9.790193279760668332e+00 -5.231617042469990153e+00
-5.840505613556825182e+00 -8.311521067213131886e+00
3.084400687740007641e-01 6.301692145304365056e+00
-4.790149877249350041e+00 6.264430298542254860e+00
-7.426532704477105895e+00 1.187741878452174404e+01
2.518383317857946224e-01 7.918967357041164945e+00
-1.320272996828609990e+01 -7.001231774470110025e+00
1.341974950280633294e+01 3.207673141402505479e+00
5.500825112244122295e+00 -1.037920928226911954e+01
3.841347958668698936e+00 1.082790120724732574e+01
-1.173601716954082086e+01 -1.149209343335245315e+01
-1.363479174178685582e+00 -9.510201938943225741e+00
-2.356966722631744560e+00 4.217846031969816778e+00
-2.206583279192635416e-01 1.319309422954841438e+01
7.129771684876757831e-01 -1.360303258358872114e+00
5.060277270928118298e+00 1.194928356190890995e+01
-1.120768082496196705e+01 1.030660861224237834e+00
8.532630015797010969e+00 -1.425469623612943515e+01
1.127508343473407493e+01 2.143941445379020649e+00
2.987719234344833552e+00 8.363407767196505915e+00
-7.469482490462615587e+00 -2.637370895990343911e+00
-1.059455490579461667e+01 -6.511302234161913560e+00
1.622059609278689152e+01 4.093764856425721632e+00
1.153860292588867509e+01 -5.129248954140420480e+00
-5.911712369761051633e+00 7.408814808009928754e+00
6.457789830461880598e+00 8.675108391269922947e+00
6.302920555441136941e+00 -1.380578816044447876e+00
-7.558689490424143287e+00 -1.262920138162716910e+01
6.698255689565776549e+00 1.513749810759764358e+01
-1.084957358139463857e+01 -1.595537092227006681e+00
-1.033185771978667589e+01 -9.579410426259279632e+00
-1.218504271205405942e+01 5.092612886359717095e+00
1.453284066624235038e+00 -1.667397033156805364e+01
-4.675227171529227732e+00 2.189629340440127692e+00
