# Antenna elements layout
# Station label: stn.378.N8-4
# Number of antennas: 256
# Station diameter: 35.00 [m]
# Antenna minimum separation: 1.50 [m]
# X[m]  Y[m]
-1.262057672685133980e+01 7.630897978188428965e-01
-9.898673137411918788e+00 -1.086680748315449208e+01
2.165346581661214742e+00 1.231271878421475208e+01
-1.083878194725028266e+01 7.593472297803980808e+00
8.133358217923969846e+00 -5.554615076830206277e+00
3.869444327213351187e+00 -1.130521693505689029e+01
1.082085682961591644e+01 3.758810071843374345e+00
-4.341474723110559708e+00 8.255125859816114797e+00
6.672301148647839852e+00 1.434886840033072630e+01
6.927575967131982537e+00 5.316455761832976634e-01
-2.878559947010367992e+00 -1.747344560476205899e+00
1.191626180003923352e+01 -1.151872311533172422e+01
6.135539011065400672e+00 8.765742326887412617e+00
-1.331617820052937873e+01 9.203213399946324813e+00
-1.375745135268352293e+01 3.015935036400691160e+00
-1.010877422522237978e+01 -7.162883718694411428e+00
4.309477029793878700e+00 5.762164833952244436e+00
7.524401272269646057e+00 3.866762982727909304e+00
-5.919588157205536660e+00 -7.124637342508304272e+00
-5.172413874504355746e+00 -8.627820750782058568e+00
1.312018450631855515e+01 -7.985647038118216301e+00
-4.022049140290157254e+00 -1.321460070804135434e+01
-6.945819038480456342e+00 -8.776819115893150780e+00
-4.521115191825183288e+00 -9.465396256290112831e-01
4.048643188470762766e+00 8.918049857126923996e+00
2.694228416689529837e+00 2.512886650467830663e+00
-2.836501395332996722e+00 1.618842344738565231e+01
-8.011297963964628011e+00 6.047893714558071565e+00
6.568614801923082780e-01 1.469673111630132922e+01
-1.235923506791223758e+00 1.080125939104578592e+01
-1.291334865760348904e+01 5.193437108706728367e+00
-1.894681539435703499e+00 -1.221452178900790209e+01
1.357290071017813915e+01 -5.986613670202819648e+00
7.827307481061993144e+00 -9.364221953036549806e+00
1.180410561304781680e+01 -6.198166542156629433e+00
-1.862495541012844313e+00 1.442566012951153809e+01
1.169836410480113287e+01 9.127729596047299054e+00
-6.266525639303429429e+00 8.970720974467194964e+00
4.936621310714205180e+00 3.991050696374731643e+00
1.056668132176595520e+01 9.145908060885759028e-01
-3.685709594385102150e+00 4.923817257892007859e+00
3.900897929252707286e+00 1.583980335568919884e+01
-1.363583098785967351e+01 -7.656181010226427830e+00
-5.270867881629227369e+00 7.059468050539813078e+00
-1.517180984415897171e+01 -5.031501453559195980e+00
6.177835890778137440e+00 -4.950803937487540551e+00
1.016323308399229575e+01 -9.253205876182750700e+00
-1.487035001137936518e+01 4.498841810838623445e+00
-8.802158558874374705e+00 1.094606935233018419e+01
1.269496835579221994e+00 7.925036500906021075e+00
8.690106907391520252e+00 1.401039279250334602e+01
-2.727901834869221886e+00 1.172040369617592148e+01
-6.017279908206639050e+00 -3.133953534627288207e+00
5.083843110619646666e+00 -1.232311204104798108e+01
3.376784852923272240e+00 -5.502680327282597261e+00
1.290086833490834195e+01 6.961454005335586004e+00
-6.616099284011024650e+00 -1.399356214335355375e+01
-9.119626696622509243e+00 2.375494958745086649e+00
1.504972658278114039e+01 2.044486378527221149e+00
-1.461028097302972739e+01 -2.392256154408327617e+00
-3.127530872879059842e+00 -3.735877889127060314e+00
4.683809682895233806e+00 -3.401370564880821235e-01
1.582042131539786567e+00 1.068165281642265541e+00
-9.617613634554828650e+00 -1.301882810233433574e+01
-8.406486148172618300e+00 8.413303487201808650e+00
9.557204054525634263e-01 -1.029007668075715642e+01
-1.253246040767627534e+01 -9.740221438668719145e-01
-1.751875425802264630e+00 -1.474084648400983255e+01
-6.889602214751903375e+00 1.322825389082691672e+01
1.744151578498261301e+00 -1.264094075720046284e+01
-1.478101618666354256e+00 4.093039673014203572e+00
-5.079488943907156440e+00 1.681112885641500299e+00
8.692717135003036333e-02 4.095874305057787268e+00
-7.506305145147544877e+00 -1.177012448387376509e+00
-1.078563088958298266e+01 9.705294473538284450e+00
-4.770451949740674991e-01 -2.241081746165221489e+00
5.780795799224986098e+00 1.206175479754054791e+01
8.256512751467955269e+00 9.227306884052982383e+00
1.262954229838828013e+01 -3.872992797643744822e+00
2.206085360596983236e+00 -1.760729386358011794e+00
9.592927164452511590e-01 -4.609545121644051946e+00
4.456250181495732932e+00 1.042353912950980188e+01
7.212228778781533123e+00 -1.387337765124532396e+01
3.627455847826485780e+00 1.434505030728296759e+01
-5.386029247064563208e+00 1.547622075913454864e+01
-1.625519240651529529e+00 -9.235463068297033118e+00
-1.339574296583959878e+01 -4.164789987696661200e+00
7.628484284885423961e-01 -1.450685552766910469e+01
8.234816060755395739e+00 -2.280811607894298376e+00
-1.126165718258576476e+00 7.966971267882065888e+00
1.048953697569403687e+01 -1.608539810633015321e+00
8.133786240922084687e+00 1.206265796693242365e+01
-7.658921113649737933e+00 1.325004333921626198e+00
-4.980971964416196940e+00 -1.066688388912074359e+01
7.025103375548663820e+00 -1.105308315352809423e+01
4.111902468714806247e+00 -3.879531616285754936e+00
-5.070096981198433994e+00 1.111547743815108191e+01
-1.172899807272530737e+01 6.290911911417996549e+00
-1.464664826365318362e+00 1.143503739481200654e+00
3.210293482373327123e+00 -9.770558084664017429e+00
-2.440162019639959823e+00 -6.990938029584931712e+00
8.440887203993696630e+00 -7.905306436463245490e+00
-4.700789116639541021e-01 -5.989414242705887403e+00
1.320574131033268372e+01 3.962276503692361729e+00
3.647219149930585047e+00 -7.037138438187612977e+00
6.051692691192478435e+00 -1.003771319798897110e+00
1.469154229157270208e+01 -7.572439344650462090e+00
7.281390094590967976e+00 6.499945151205011484e+00
-7.348025194680172234e+00 -4.785284656114370705e+00
-1.109210183044495501e+01 1.244799252756621399e+00
9.556410102849792310e+00 -6.563738117943120898e+00
1.431942471385695725e+01 -3.591201653005093419e+00
1.018025112796415499e+01 1.203678429278680895e+01
6.356950707622061714e+00 1.935595479598013924e+00
-1.018172335970028186e+01 1.250195509107580349e+01
1.573635555672893105e+01 5.150629478467969591e-01
2.353662626779016165e+00 5.155242846846519456e+00
-5.267718090421364963e+00 3.947078594360913684e+00
-3.252585952994332175e+00 -9.261645578190449868e+00
1.014781987823479170e+00 1.077537459996355906e+01
1.056381845949243470e+01 -3.420277385026214034e+00
-1.613303342113733407e+01 -1.507512287651898930e+00
2.504913608463581909e+00 -1.643049805294826982e+01
-6.479798116078256953e-01 -2.030906818219619936e-01
9.399325291073342470e+00 -1.292350952276175313e+01
-2.849265769809750992e+00 9.424134721239948220e+00
-9.445748676854977433e+00 -8.963708744364849323e+00
-1.528502380723598364e+01 1.847098354067782111e+00
2.749633914626326003e+00 -1.375513095913465378e+01
-1.094699430814778651e+01 -8.816469012182999165e+00
-4.642219295469107720e+00 1.329695970995779675e+01
-3.978287275219209107e+00 -5.387515136300017105e+00
1.020699368645087191e+01 -1.151055261105816996e+01
1.039495477829998293e+00 -7.476098713562009834e+00
1.491585236105621703e+01 -4.999607311508045271e+00
1.311743884228327062e+01 1.024932372754052423e+01
-8.235525105214446029e+00 -7.246296178617820161e+00
-8.530135901470607962e-01 1.317339996353287290e+01
-1.227404490799774450e+01 -9.710385107814596850e+00
8.769223378974942307e+00 -9.911431364067979644e-02
-3.263180061739534565e+00 -1.635705010736765175e+01
-1.385458926605042862e+01 -5.844505146013888819e+00
-7.381002278336408651e+00 -1.023170079888740247e+01
-1.157420692876943491e+00 -3.742285615426652612e+00
-1.526513631004671190e+01 -6.833168740123058527e+00
-1.002412877157057025e+01 5.201430519419659504e+00
1.235995611338276845e+01 -1.490082231184182149e-01
1.207770749404516053e+01 1.442645417754405912e+00
-1.430457643871523388e+01 7.484439440127335530e+00
1.069665559524792542e+01 6.259674474198504868e+00
-8.472758536336860047e+00 -3.572104945330995207e+00
6.029197337281889446e+00 -1.542253050961219607e+01
1.359936021432988440e+01 8.649600505623151747e+00
1.099319143282262345e+01 -7.625898371122721286e+00
2.901264669109050232e+00 -2.944279901738724448e-01
5.517497930758189284e+00 -3.232721727441015602e+00
-2.644855401929406824e+00 6.438243784352323473e+00
-1.092563283490569326e+01 -2.800399917744080369e+00
-7.151071224543059657e-02 9.075941045746571234e+00
6.592960871937464162e+00 -7.196357737420356671e+00
-1.012631907255709862e+01 -5.468613248234301949e+00
-1.110023939259737347e+01 1.130612234588770093e+01
-6.667199012968756833e+00 4.783322414447226834e+00
-6.316158781923913779e+00 -2.828122094699736522e-02
-1.177639389662444991e+01 3.776867065328232798e+00
7.934820750751537588e+00 2.065846359734290871e+00
-1.185683193364078036e+01 -5.150004282428696456e+00
8.861740361102405927e-01 6.015625777282860298e+00
1.502593416573048302e+01 5.548333962820446885e+00
4.291329965991934614e+00 -2.233738687000453638e+00
9.831755810647841543e+00 8.668975850485054480e+00
1.484508429930424001e+01 7.554935018376777833e+00
5.193848020207333605e+00 -1.026130413246247741e+01
1.159705229828974637e+01 1.131004324359773250e+01
-5.164376579107035070e-01 -1.579421694921107999e+01
4.542794065363874978e+00 -8.511490085154354901e+00
8.965638842657970287e+00 5.008141149362753453e+00
7.979468883490138609e+00 -1.243347342804183242e+01
2.396407949318298591e+00 6.664822252928388480e+00
1.568715155721228882e+00 1.591224207685464620e+01
-7.253767838538243140e+00 1.108352211477959415e+01
-1.192398616033436554e-01 -1.264682013447556486e+01
-9.411693493956438061e+00 -9.649053865471870495e-01
5.631263762470695156e-02 2.000789898345065154e+00
-6.771695905522889802e-01 5.555396627789676245e+00
6.565848608614683002e+00 1.020404592017989387e+01
4.587057295619565878e+00 -1.488792800733778066e+01
1.618150256609028759e+01 -3.329860998288562968e+00
1.334970481126126174e+01 -1.007670262678017359e+01
-9.435367685165765295e-01 -1.062290052787646388e+01
-6.214167437533326677e+00 -1.155581212456733198e+01
4.259990724691142816e+00 1.221283392728350137e+01
-8.201324925323076442e+00 3.583342373131646497e+00
-8.067674608506955281e+00 -1.205410622547132604e+01
-1.253693431856940954e+01 1.067145730734456421e+01
9.446872371403603807e+00 2.083380878610221032e+00
1.501515842883405583e+01 -1.164614563841354311e+00
-1.497008115543683893e+01 3.261712279706756590e-01
4.671537672545358788e+00 7.434344089601076178e+00
-3.052737591816525153e+00 7.135481276234578729e-01
1.356154651247474874e+01 1.787619546917923685e+00
9.900739685456212413e+00 1.023561155683554702e+01
1.003341048498107568e+00 -5.573788453561725476e-01
1.316538306458117447e+01 -1.442355668366342769e+00
1.005519017669520565e+00 -1.668624335534137515e+01
-7.834177092804896603e+00 1.441035661249459920e+01
2.131080694284779753e+00 -3.663007921722710947e+00
-4.633062341271212858e+00 -1.470987077491736983e+01
-1.187215308507550127e+01 -1.156886733544233259e+01
-8.353049531175146925e+00 -1.440611589493486200e+01
2.876877613419985380e+00 1.009574316344501099e+01
-5.151739336423304394e-01 1.622061618483033385e+01
1.180723019042162036e+01 -2.448167872845749216e+00
-8.451312670874377986e+00 1.245515873538865392e+01
6.235297083336956092e+00 4.834354487311554038e+00
1.621740997335743373e+01 3.570999688439176367e+00
1.042219525501254296e+01 -5.161112561538072185e+00
-2.352356862219728839e-01 -8.606946674319480906e+00
6.878590466376088841e-01 1.261588847485868570e+01
6.063767541026905405e+00 -9.004463874677837154e+00
-1.615569559186561932e+01 3.550273214385111231e+00
-4.127413409485855667e+00 -7.319788450841068439e+00
-1.922202239257677192e+00 -5.362980048032099489e+00
8.677164396446212180e+00 7.433828358444952045e+00
4.431533929003975913e+00 1.496286528509052971e+00
5.589624192993479568e+00 1.568107958394797663e+01
-2.867948377974633090e+00 3.347036598777236804e+00
-1.212027170220154915e+01 -7.839914053714444719e+00
1.204769113940773551e+01 5.514436651921649002e+00
-9.447259243123761863e+00 6.657177926866001627e+00
-3.559483249729417764e+00 -1.149438097440468098e+01
2.119375172663811924e+00 -8.648748336549081372e+00
7.705965448907591053e+00 -3.867685575455304559e+00
-5.475932905595730205e+00 -4.685814422877164986e+00
-1.575770814649353468e+01 -3.563448587952523283e+00
-6.691923604587618257e+00 2.490072115023984622e+00
-1.237860124316060784e+01 7.733547674433559393e+00
-1.379750226136481395e+01 -9.359876883695395833e+00
5.146252924115536587e+00 -6.120410153125499519e+00
1.653840560473032895e+01 -1.046677595688578322e+00
1.197108287395416326e+01 -9.034763206511332356e+00
-3.043210106524735892e+00 1.327741657454734536e+01
-1.020960612239551857e+01 3.522792090716759361e+00
9.167009929001174839e+00 -4.267494552138005659e+00
2.292735352163333573e+00 -1.122612873394811217e+01
8.786692592023463533e+00 -1.073789044803860193e+01
-1.277113105218984934e+01 -2.509885966944436220e+00
-4.373740510512996948e+00 -2.685620160174584825e+00
-7.253918463742669687e+00 7.383130087193464419e+00
1.408977123113710661e+01 2.915524090760897025e-01
-3.710793407929593002e+00 1.495038734452545981e+01
-1.553702742257277691e+01 5.906546826267003780e+00
1.661342614492397729e+01 2.021927070551093664e+00
1.605278756399155071e+00 -6.011883215533904590e+00
-1.673003508652359628e+01 4.706349802142995031e-02
2.197034667072603753e+00 1.385451513679896962e+01
