# Antenna elements layout
# Station label: stn.419.E15-3
# Number of antennas: 256
# Station diameter: 35.00 [m]
# Antenna minimum separation: 1.50 [m]
# X[m]  Y[m]
-2.671212226381788568e+00 8.407495064089339110e+00
2.430329298886643841e+00 -1.575071290449581340e+01
-3.947020429184178170e-02 3.655465859944403206e+00
-8.590777453251648765e+00 -1.037351954235964158e+01
2.108944402767338744e+00 -1.718801592936445743e+00
-1.280132416027914388e+00 1.390375899143979410e+01
6.947612789629392438e+00 1.125156183419598221e+00
1.159851186882477592e+01 7.206882580182771392e+00
-1.877926961706171127e+00 -8.437256457113848640e+00
-8.614255199334950319e+00 -1.312649170502312934e+01
1.368946002394320516e+00 -1.353955814186869588e+01
-5.909409815332200111e+00 1.252128608373650920e+01
-4.320633181004254197e+00 1.149383843277277251e+01
4.036760669806053414e+00 9.152103083197719258e+00
6.115045871713657988e+00 4.407071558219897156e+00
-9.014650504121004104e+00 4.614261664348699554e+00
3.544255294630939801e+00 1.325754293773378834e+01
-1.155709224716666839e+01 4.516623380125647458e+00
-1.484007772814226911e+00 -3.112531176409177647e+00
1.079999109412395697e+01 4.739129210485874211e+00
-3.746938495118321555e+00 -2.873134750856952024e+00
1.144773167167907957e+01 -7.056543011519732289e+00
-1.146703307227822322e+01 -1.310342603685864304e+00
1.136708706839050009e+01 9.574322214687729371e+00
1.278627834506108485e+01 5.248233536492751483e+00
1.350163794835263786e+01 -4.576113078233484899e+00
9.213838661088544768e+00 -9.720638348685604058e+00
-8.153015585800634568e+00 -2.207475560226347611e+00
-2.744513746192653869e+00 1.543446124446759882e+01
-1.280327021274535859e+01 2.657711830583455281e+00
-1.210271067098502584e+01 -5.064936810731559547e+00
1.055051305968212105e+01 6.287290920376094050e-01
-5.286070623145135983e+00 -1.127008060630694430e+01
-4.052120606398448288e+00 6.665919357310965410e+00
-8.170909883859341249e+00 1.223303923563550555e+01
1.966709734517230856e+00 7.553038354254088205e+00
1.343042861493576012e+01 7.023355548070178145e-01
-9.275836766298935387e+00 1.865861681912765135e+00
1.692631931888048058e+00 1.006559208213773715e+01
-1.591169846864733550e+01 -2.731314352076044116e+00
-6.405277450108485482e+00 1.407943631389167649e+01
1.020953248195128893e+01 -4.780920429388917370e+00
1.310980256728878857e+00 -6.818772543888563575e+00
1.172427994067462009e-01 3.106787292105579468e-01
-6.505828598587136469e+00 -5.140361069031932573e+00
-2.256134867928752286e+00 6.204380139495167867e+00
-1.360533106196395892e+00 -1.181645830614625226e+01
-5.124029249316022216e+00 -5.974539860005783964e+00
-7.936197130149349022e+00 -7.923265277032033538e+00
-6.949847359553773529e+00 -1.333102647541365826e+01
1.109839566016361800e-01 7.150132656252974783e+00
-3.271151265817783482e+00 -1.465914483484258390e+01
-2.973957340997390730e+00 4.728888300132375377e+00
-1.112133112938735735e+01 -1.208767000298556482e+01
-5.339876641581289718e+00 -1.156446008534754100e+00
3.747594614652438594e+00 -7.153808194169764434e+00
-8.963489595743325822e-01 1.593610846652494217e+01
-6.447235595979750045e+00 1.093216752172835626e+01
-6.058190648143618517e+00 4.426755328257968358e+00
8.294957963086289965e+00 -4.968585759924964762e+00
1.359442235869178006e+00 -1.059146893147620005e+01
-1.032485135020714040e+01 -2.635078417925196703e+00
2.020201837621016239e+00 1.204138826197038270e+01
8.182021682561146037e+00 5.154802212425476426e+00
1.530587465547173309e+01 4.501434078493783630e+00
5.285088293468529486e+00 -1.475501074052959538e+01
-1.127418315408627691e+01 9.861024625041512337e+00
6.446554922799869303e+00 -4.903246972235042023e+00
5.991477189452975693e+00 -7.817112397874733887e+00
-2.820658014012273895e-01 -1.020943267647194297e+01
-1.512836978876769223e+01 7.094035586810971239e+00
-1.238543906908506287e+01 8.053057119356349602e+00
5.358328933567303665e+00 -2.418765984870749008e+00
-1.152189417601199750e+00 -9.522945479796796064e-01
-1.088274507859354046e+01 2.893106948626794406e+00
2.093227527124955856e+00 2.009573871654882993e+00
2.749494681269329277e+00 -4.604357669566772060e+00
-1.169771241780836846e+01 -8.938255429973809285e+00
3.661971100523853551e+00 1.095653900340502318e+01
-2.818456096086555007e+00 1.058276415792709457e+01
1.633317168543455722e+01 -1.006907480603121741e+00
-9.438899388713846150e+00 8.384175743811095316e+00
2.842295619352707803e+00 4.463918255228264798e+00
1.287208823386038148e+01 -6.143011649057042334e+00
9.930953308002873570e+00 -6.323705190551944355e+00
3.333050856634585557e+00 1.590249549271543117e+01
-1.503574626948598336e+01 3.953647900193676179e+00
1.190940125733361299e+01 -1.110013338149443030e+00
9.453821197695187806e+00 8.758960402196677819e+00
-6.539835783144134496e-01 -1.338523488460002042e+01
-1.103090506506040747e+01 -6.328532341204228473e+00
4.140962634857977775e+00 -1.196222545453390751e+01
9.537905094716460752e+00 6.871362630539941563e+00
-1.304255252312898961e+00 -6.692440425051859876e+00
6.605329997188743363e+00 9.663086561935841701e+00
-7.054422211883080607e+00 8.738678998068518666e+00
1.498301600625661933e+01 2.654191193090927214e+00
-5.565567833606529291e+00 -8.050772347182341804e+00
-5.672583514331922316e+00 -1.529208064524699218e+01
-6.328757932622728788e+00 2.527772729810280339e-01
-1.516312514003626433e+01 -5.463808963580721212e+00
-9.328583270655665061e+00 -6.868542322999832805e+00
-7.975822955836711969e+00 1.401993556435090227e+01
-9.294903712290397024e+00 -1.101919160163877365e+00
-1.593136124296631451e+01 -6.419801134434308665e-01
1.198501641471469625e+01 -1.008428229943375598e+01
5.292566706861734360e+00 -6.090767178908318868e+00
-1.587152928550385766e+01 1.834241606729669627e+00
-4.047571996316531084e+00 1.229923348749021983e+00
6.947758546981525285e+00 6.516841766780636647e+00
7.637243973266205188e+00 1.135810964320702254e+01
-2.542425916947415487e+00 1.837792538601654257e+00
2.822127422089785398e+00 -1.306340077883551842e+01
1.001157523101139901e+01 3.267361970142459882e+00
3.982831219109648657e+00 -9.466073867415781606e+00
8.161216899709650363e+00 2.876382957649095573e+00
5.243072354827333470e+00 1.191209067463643123e+01
2.210990515335318207e+00 1.466366993352695403e+01
-5.003282892827286332e+00 1.582734069539796451e+01
1.475119960579481670e+01 -7.620664542519021367e+00
-3.402667760972354571e+00 -9.855547848094193597e+00
-8.022716504750940558e+00 -5.865750410203393272e+00
1.392213258312767366e+01 3.883600047470903149e+00
-1.083358678013422249e+01 6.698979518521483101e+00
-1.467975304770024891e+01 5.524856336171179549e+00
7.505098020412901860e+00 -7.891392414189516202e+00
9.827404376948962295e+00 -1.989456692695725337e+00
2.079893716796462400e+00 9.946907737815990913e-02
-4.075820523752804903e+00 9.630487962527602974e+00
6.567315835159490689e+00 1.408182870201042647e+01
6.022271355185697672e+00 -9.567714091581533964e+00
-1.489123615500176356e-01 -1.619486473573673635e+01
7.473930809344128789e+00 -2.962589603920894987e+00
9.375603018868673644e+00 -1.206983645327079913e+01
-1.382274888538384161e+01 -8.413815671556445608e+00
-1.314299405370691076e+01 4.492540003675593141e+00
6.113349007749633302e-01 1.614377636980264441e+01
-9.696602781562654982e+00 1.279689405035243510e+01
1.099580772255930228e+01 1.178279705104093011e+01
1.545351668911887799e+01 5.091301135588892635e-01
-1.794512401147956737e+00 3.359719633827744190e+00
-2.441144824815546954e+00 1.279240280817758091e+01
-3.086502345683189930e+00 -6.395445801142631836e+00
-4.876746482786295189e+00 3.071897341246295099e+00
3.960108613296554836e+00 3.146053662434944442e+00
-3.061600030758752311e+00 -1.217596308957594076e+01
-1.006319059577125685e+01 1.091898306791183515e+01
3.901063117850810613e+00 7.498550404751910037e+00
-7.448598937287641775e+00 5.061881114920044666e+00
1.420400983866984390e+01 6.848798790574260664e+00
-1.833561571596794337e+00 -1.033889432250886387e+01
-8.204030620921672678e+00 3.122060006463119208e+00
1.335724817892648630e+01 -8.824194650583924826e+00
3.999780648347634582e+00 -1.569289559780331800e+00
-5.168385823561211012e+00 7.809041725359900710e+00
9.471230562263937003e+00 1.253779692542779856e+01
7.421448120270163429e+00 -6.309276876745229856e+00
-1.448120273743975517e+01 5.108833571451043554e-01
1.134867399908416274e+01 -8.610236022856417648e+00
1.151892385708539024e+00 -8.400856928868641660e+00
4.512814222700871625e+00 7.464026476336727001e-02
-5.223366755231957370e-01 9.355501209659696116e+00
1.245145849151897721e+01 2.112480440354982392e+00
8.495051205516897852e+00 8.624398867245552935e-01
8.087108860530456411e+00 -1.282161862139997055e+00
1.103850407415425394e+00 -4.970189410245437145e+00
-7.859719980218471846e+00 -3.800426534653666977e-01
7.148199105350219185e+00 -1.492419598742617559e+01
-6.484596923006675340e+00 1.904703617003757898e+00
-6.582199209344885560e+00 7.028282534997266850e+00
-7.479684513673849011e+00 -1.487693368426992180e+01
-1.419155460737717256e+01 8.846774073574181330e+00
-7.233346791695929312e-01 1.216353707859304478e+01
9.796499615536152561e+00 -7.969278279569895318e+00
-1.295708977557868735e+01 -1.081358622564895455e+00
-1.328860601045314738e+01 -3.856320747483980682e+00
-6.825478737432158383e+00 -8.969957331681392532e+00
-7.671285179402435261e+00 -1.160681074750069541e+01
-1.303522565417572565e+01 -6.902459910237505269e+00
-1.008323687384628187e+01 -8.808542804493388445e+00
1.395605048243076851e+01 9.198687557169311191e+00
-3.000283793258077480e+00 -4.467649961895503452e-02
-2.372079982803448672e+00 -1.620433470432570999e+01
-4.433620675089342100e+00 -1.289232826456106196e+01
1.071045669391885724e-01 1.076141007947988726e+01
1.605870692972738567e+01 -3.074563274081711484e+00
-8.233072840239353596e+00 7.270679359300764588e+00
3.648917378800717870e-01 -1.289468144377433845e+00
-1.459788448360386148e+01 -1.806633744791785290e+00
-1.311227876776185042e+01 1.030638427588021599e+01
-2.268265075852227142e-02 5.372182699047311161e+00
-3.929008008946729191e+00 -4.408300776590822423e+00
-7.299731634777337774e-01 1.879688762714039285e+00
9.617122724645540188e+00 -1.362099474532546317e+01
1.371931407520558110e+01 -2.978729606094779214e+00
-4.146256427394810373e+00 1.308683623478348679e+01
1.481582651805675255e+01 -1.329824425164808588e+00
-9.474354898580346074e+00 -4.901513346275951477e+00
-8.719093287097535949e+00 9.927970414438458846e+00
-1.239069446616535686e+01 -1.062351562442232300e+01
7.885648224261213812e+00 -1.256963787419859102e+01
-1.230441240470478803e+01 7.999746618472762805e-01
7.948053740125523348e+00 -1.085189830198411975e+01
6.498875045052734833e+00 -1.333450766393192310e+01
6.038792806054097184e+00 -8.202135659355356267e-01
4.005410904722136678e+00 -1.564446166832897767e+01
2.828950392241559086e+00 -8.441654632378055467e+00
4.416182874762540678e+00 -4.841744465835091660e+00
-1.317841899234232272e+01 6.089451761355245907e+00
4.871967306724449998e+00 1.547231234151176693e+01
6.034965477089677677e+00 2.339937501499687045e+00
1.161346588091933896e+01 -2.932200351402897809e+00
9.538480825036945276e+00 1.090152233471829391e+01
1.476371192163824020e+01 -5.669253027759385333e+00
5.028816995334789652e+00 5.617756830688421132e+00
-2.904226247263288485e-01 -4.057603943321298701e+00
8.007043543513017170e+00 7.648989768858193372e+00
5.403263027391020046e+00 7.475795925001122555e+00
1.290082051777771355e+01 1.051166450211315606e+01
-1.171582287632886121e+01 -3.408915019970642390e+00
-3.584001132269968082e+00 -8.297849399362366540e+00
1.657246755753850920e+01 2.134726071337311737e+00
8.372657185047803097e+00 1.402663000932719228e+01
-5.486410602059715202e+00 -3.727312836648058791e+00
-7.656370890043788791e+00 -4.009388170825355147e+00
5.574451686730458988e+00 -1.126805953140479133e+01
-1.165914173765679607e+01 1.193747672054860587e+01
1.174189636456014085e+01 -4.884404641718830931e+00
-6.431985010948219283e+00 -2.341065908164470244e+00
-1.033546880183144268e+01 7.045350827526064563e-02
2.618886929734216551e-01 1.446591017767267928e+01
8.642649200332357395e-01 1.304773113373906668e+01
-1.572903082780332085e+00 -1.461135631200460594e+01
-4.606362582997771682e+00 5.160888389229032924e+00
3.384829600519175585e+00 -3.208634492240804548e+00
-1.969278774031380408e+00 -4.998150983474680231e+00
3.052742947657275607e+00 -1.072030460811203056e+01
1.151983272123460722e+01 -1.171178829678185629e+01
3.206234245937018557e-01 -1.223654575301000236e+01
-1.479698800944192882e+01 -3.827322015955834544e+00
-1.060689915872281119e+01 -1.027308573648137724e+01
-4.973407159554467327e+00 -9.667029748203823658e+00
-4.288266437766568018e+00 -1.588457342043172460e+01
3.496037088866302156e+00 1.397602362093877559e+00
3.433288041073360830e+00 6.037650612605887090e+00
1.741491872003688712e+00 5.710577712195252786e+00
1.037353861210359085e+01 -1.074417737803740813e+01
1.367982704047644660e+00 -3.441856853310564901e+00
8.990013686735895959e+00 -3.285514836240007952e+00
-2.811008344578562301e+00 -1.556400481920480416e+00
8.642480390068634222e-01 -1.507000746428481719e+01
1.275088003698822448e+01 8.197749912962560614e+00
1.164818587086969615e+01 3.389854082574466076e+00
-9.203257998342216695e+00 6.102523219560819001e+00
-1.498108329860332155e+01 -7.070391175859372268e+00
-2.853302650190094880e-01 -5.579947035591580118e+00
