# Antenna elements layout
# Station label: stn.116.C116
# Number of antennas: 256
# Station diameter: 35.00 [m]
# Antenna minimum separation: 1.50 [m]
# X[m]  Y[m]
-1.444368305827408605e+01 -1.386763561076904239e+00
4.890174843847148622e+00 6.718071449916962479e+00
-1.028523570873638349e+01 -8.527384557706277235e+00
6.048750872012398361e-01 -1.559904847489421620e+01
9.527063608989376320e+00 -1.123386851205758852e+01
7.902308840252949551e+00 -8.177193956753560755e+00
4.857891605024363457e+00 1.004801446864274439e+01
-1.464460626204316895e+01 4.942928808969043075e+00
-1.048586190776379112e+01 9.962353505416057686e+00
-5.343719601398552399e+00 1.534191150124127034e+01
7.389334840795058312e+00 8.983187716077495111e+00
5.313896484453728419e+00 -7.050482148188699227e-01
-5.565162670676384593e+00 4.509330051201949630e+00
-4.289144467604820932e+00 1.336405123108128379e+01
6.473198703245163443e+00 -9.299522263813374323e+00
1.323623391110540837e+01 -5.145872889599431232e+00
1.263300453003619239e+01 5.521993595650300790e+00
4.512010694825409729e+00 -6.245987749598359784e+00
-8.941608853906245713e+00 1.195768690156932124e+01
-4.062469069161677382e+00 -4.714614789224103930e+00
1.021721780185139039e+01 -4.116948637510699172e+00
-2.696562604765963655e+00 5.269009187264952487e+00
-1.085882117710540307e+01 -4.680281733786964438e+00
1.526219800761276701e+01 -2.432665334853433947e+00
1.435232334334240534e+01 7.642988368517293907e+00
5.173637194010389351e+00 -7.676333454129267153e+00
-1.665790592116843882e+00 1.399851068506116292e+00
-1.307814505865077059e+01 -2.192577057756608383e-01
1.087531873259194981e+01 -1.203731683723426826e+01
8.453268304608553052e+00 -4.508478436556911717e+00
1.080423637399231396e+01 2.363068153048633491e+00
-1.063999999732244994e+01 -6.283212285355485704e+00
6.447229493355720820e+00 1.818566290820953668e+00
-1.185693139427696607e+01 -1.055500229618644425e+01
-6.534983915977740310e+00 6.187003652765028505e-01
-5.496036364744925962e+00 -8.084560412711660149e+00
3.599612000605574735e+00 2.954879308030697871e-01
-1.541432970466281915e+00 8.479375922493925799e+00
-1.000163514297673117e+01 -2.939689593405075740e+00
4.916342040035633687e+00 -4.494937998710264893e+00
-3.214831305923130600e+00 9.299152756666131836e+00
4.190687406656827818e-01 -1.165703109180149966e+01
-2.287654299154386450e+00 -1.054571168577517426e+01
-2.433746015514232752e+00 -6.098082864439218653e+00
2.727234519462911067e+00 -1.382004065973653439e+00
3.197109755363850780e+00 7.119273765350207839e+00
-1.039708861563141262e+01 1.886170166000560755e+00
1.065281946607569452e+01 7.473659264795802670e+00
8.932550722233560947e+00 -1.393983866124432147e+01
-1.510897147239248284e+01 -4.023899162494391391e+00
5.302376542228081746e+00 -2.371531411526600408e+00
-1.083402376553735635e+01 3.999073040972447757e+00
6.190563206408512542e-01 6.242815826603088425e+00
-8.847670049876336762e+00 2.431431850191252408e+00
-7.175516708729354320e+00 1.303136727697402719e+01
1.017948648448433246e+01 -8.364649085535296180e+00
-3.194230704569207546e-01 -8.139861840626121392e+00
1.145358179301811674e+01 1.158564693413568136e+01
-1.439006260679921212e+01 7.288802756526621351e+00
1.250878756211088216e+01 2.086544163970568633e+00
1.138865139589437803e+00 -1.878259538613518131e+00
-4.344097466852558043e+00 -1.162323280378931933e+01
2.772301533255486561e+00 1.027135856685692872e+01
2.375960294813097562e-01 4.310029972305759571e+00
-2.249827469537351021e+00 -3.584675674192373762e+00
3.448260645173519379e+00 1.439598422367253150e+01
1.017915022067263209e+01 1.283390963247326155e+01
4.114859626027893569e-01 1.246057259271960405e+01
-9.087382852413639966e+00 4.232069387510268399e+00
3.629278388959733093e+00 3.689722604792766703e+00
1.262145135218828784e+01 9.458454042446579280e+00
-1.557864940080698091e+00 -1.385845099242893319e+01
-1.199840442442002519e+01 7.140640881998340461e+00
-5.128148361474762496e+00 -2.220440395786994259e+00
-5.475376115417862621e+00 -1.563874804298938415e+01
1.886028782065572784e+00 3.200539859649012442e+00
7.741583064106976053e-01 -3.661516656512162626e-01
-6.847218480186436196e+00 3.256551514364755207e+00
8.810971444490611759e-01 9.061849765332940621e+00
4.364303796433702587e+00 -1.447152847264940334e+01
3.086219425171957909e+00 1.866795210014618789e+00
-1.551042643932130716e+01 8.342508508992416694e-01
-1.315069295969880869e+01 -3.029163463066536721e+00
1.681410895993547427e+00 -6.907880406516108351e+00
1.207143425929831793e+01 -3.976119068242226717e+00
-1.446784289884614338e+01 -7.592324965555022231e+00
5.970479108025593007e+00 1.337606125309383387e+01
-1.214132625823622647e+01 2.833242835643286384e+00
-8.596729292001572986e+00 7.660175607859645908e+00
1.527174348753657540e+00 -9.151614149674426102e+00
3.081185797288398476e+00 5.452618888646920681e+00
1.450918049828082701e+00 -3.488462729028714904e+00
8.210106286552822041e+00 7.277274475418806787e-01
-1.652729753366309851e+01 -3.341727115565262807e-01
3.359402616829338939e+00 -8.167065947685923533e+00
-3.335468919542405430e+00 6.644865096721041198e+00
-5.307713216431736214e+00 -1.309570178957939568e+01
-9.540234737926404307e+00 -1.349395105922048899e+01
1.409439200208710474e+01 1.522992470879348303e+00
-8.864234738950202086e+00 1.389442959172775360e+01
8.795140653024802191e+00 9.902103440910440924e+00
7.564760150932574589e+00 1.428114081347933606e+01
2.851256499942625311e+00 -1.273755843303792368e+01
8.468208807002486793e+00 -9.134753329513713993e-01
-3.255004902668074962e+00 -9.219029748428742010e+00
-2.986757441841669802e+00 3.607160776991115370e+00
1.002362742032199350e+01 -6.736624399599286050e+00
-1.366720651387852570e+01 -9.142454372797244488e+00
1.438093912046709733e+01 -7.514503478612502008e+00
-4.252517962289937614e+00 2.407153945185278587e+00
1.065998798386849344e+01 4.251099137767472058e+00
-1.225223782790631510e+01 -5.964431798635796866e+00
-8.151485281704182739e-01 -1.621099388354437565e+01
-8.549783792694816142e+00 6.084454525315940998e-01
7.141387441019027449e+00 7.368529130754581047e+00
-4.485053709579901238e+00 -6.259194709675881541e-01
-5.620650096342805213e+00 7.653880039195168905e+00
-7.464042747176394599e+00 1.061108576723386676e+01
-2.407954046522368330e+00 1.161349471436441405e+01
1.247073645984195878e+01 -1.673824230497295673e+00
-1.070634740872378643e+00 3.387783564969915062e+00
4.611377879126230539e+00 5.191643874811330051e+00
2.942557414958073991e+00 -4.794697241724385606e+00
6.834732907795878276e+00 6.699002714240620548e-02
3.096700848607738976e+00 -1.062759237910763055e+01
1.427783109000913697e+01 -3.909592717289957164e+00
1.332828305692233428e+01 -8.807903166809561313e+00
-8.121784696191655328e+00 -1.161768040891260512e+00
-1.062785114253859930e+01 1.203545704609742373e+01
-6.294588820456697320e+00 9.230281239871171550e+00
9.059820741544942990e+00 7.417516560730234687e+00
7.219535182762161440e+00 -6.034575855660989419e+00
-1.244558529859058638e+01 4.697229161175712875e+00
1.593641026564204566e+01 2.515009581651874271e+00
-7.593041783239341314e+00 -1.345446458828992320e+01
-8.952571983760169161e+00 -6.254876915356533118e+00
-1.217925435714677818e+01 8.695590219470233251e+00
1.539830909705064244e+01 -1.235130511196196323e-01
9.527031672332768153e+00 1.134649783035938242e+01
6.506854001517204722e+00 -1.380692137294541233e+01
1.250840842638913841e+01 3.700100032615729617e+00
7.587134326270703610e+00 3.150896163369260705e+00
-1.085368064000733668e+01 -1.221451380720605862e+01
-1.021647813321527209e+01 -1.321740918642504425e+00
-6.141427060784717895e+00 -5.582090609650149915e+00
4.852991548625489315e+00 -1.087794732050947921e+01
-3.583268647063775347e-02 -2.954922641847931075e+00
1.502681072984451305e+01 -5.678405641897821710e+00
-3.250329373475667083e+00 -1.565803007361081889e+01
-9.632107961488475922e+00 5.814781469985042861e+00
3.484320898377909259e+00 -2.727449970763522913e+00
-5.661743056364676008e+00 1.235812357902890213e+01
-7.842031731223652713e+00 5.863810410689112018e+00
-1.405837246585768696e+00 -1.191084605615724890e+01
-1.238479200710910177e+01 1.103828352206199881e+01
-9.219150246803629045e-01 -6.601951881305602399e+00
-7.211818426570744123e+00 -7.040574701957689641e+00
1.073679007255854856e+01 1.816071959501286415e-01
9.945424607051215560e+00 5.792050661888207941e+00
-2.346792988502281574e+00 -5.697029619459321736e-01
-1.380054931644101401e+01 9.275815579488536855e+00
1.448380584750520228e+00 1.577211655650493327e+01
-1.465194234792583927e+00 1.500901468397210436e+01
-9.239539334502527623e+00 -1.187357280495801248e+01
5.340465305015420938e+00 1.579826871871528482e+01
3.986253930452932082e-02 1.406510063891907691e+00
-8.251079681953545020e+00 -1.066299151690533620e+01
-5.926161766162522326e+00 1.074817961619262974e+01
7.593870697840042538e+00 4.733902956452254784e+00
7.429342466050059102e+00 1.057890557084207828e+01
-7.115873845426992972e+00 -4.324524089610745747e+00
-5.950526862927532079e+00 -1.153141315037123604e+01
-1.515448007174678757e+01 2.902951754504538684e+00
-3.007844117565449338e+00 1.592773502085967863e+01
8.480411087174147156e+00 -9.872033996391916588e+00
1.262380534749010863e+01 7.450069068616240742e+00
3.500202817305009262e-02 1.086119236495354556e+01
1.015936925208612962e+01 -2.000271447885152654e+00
-1.270682343106738621e+01 -7.654809695227488220e+00
-7.115384838974476267e+00 -1.490808553387132207e+01
1.229212108049796015e+01 -7.503874746776631355e+00
4.697682317081287806e+00 -1.603431369192858824e+01
5.722585970176108816e+00 -1.235092753160488144e+01
5.749512603426456536e+00 8.670550376036835871e+00
-2.661596652671647689e+00 -7.758988115133528041e+00
-1.006009726714484387e+01 2.965591186856535444e-01
1.161018138296505953e+01 -5.863758199210376887e+00
1.495021815622842354e+01 4.141772310014971481e+00
-7.775034906894932263e+00 -8.964484740280958874e+00
3.741201381114553470e+00 1.588666587878653047e+01
-3.756731694769412044e+00 9.275268557550901960e-01
7.843000017695196391e+00 -1.265310503119811436e+01
-4.394635922320055954e-01 -9.864011151905618391e+00
6.850012576179345558e+00 -3.124392593949677277e+00
-1.160476958934289371e+00 7.013305537788646404e+00
6.078028287746366942e+00 4.699392919920697409e+00
-4.870732924536502750e+00 -1.011612878581887998e+01
7.774064654859738965e+00 1.269142192076384390e+01
-4.075182952821123195e+00 1.119099666261189441e+01
2.642276920395321582e+00 8.740320246417098815e+00
-2.037799370847821478e-01 -4.566329050937074641e+00
7.033018606739215528e+00 -1.470674201362090372e+00
-8.759135909386337460e-01 1.349529911737126042e+01
2.075557815697024466e+00 -1.436271255659635671e+01
1.768384903403429576e+00 -1.659237190006117046e+01
-1.526364937979277592e+01 -5.655638712162247117e+00
-3.468522744696784343e+00 -1.350369837855378918e+01
-3.712756898876614642e+00 -3.132104381134061200e+00
2.583866491172390312e+00 1.183925848012611581e+01
-8.379655756570180358e+00 -2.667616901977375221e+00
-1.343140566622338561e+01 1.850139632051735816e+00
1.192468584820357691e+01 -9.536793705601757765e+00
-8.803501569828727114e+00 -4.140275010703636127e+00
6.211357980662505440e+00 -1.537048528543765080e+01
-2.506977512605077507e+00 1.327676583790645282e+01
1.103855707713075418e+01 9.688673491772803459e+00
9.830705354100395255e-01 -1.321194642986320389e+01
-1.642733998014980301e+01 -3.200480876475293002e+00
1.819067468667014964e+00 1.406520879374476962e+01
-4.564752880566386395e+00 5.734548411469905460e+00
6.189715352820730487e+00 1.184408564322003699e+01
4.659631938420602637e+00 2.277986096528508142e+00
-1.189281382076019256e+01 -1.215587619501761196e+00
1.615591910852140245e+01 -3.648198641844759393e+00
-1.176363120410856311e+01 1.235290538498286850e+00
-5.251975377935032441e+00 -3.747457461420687252e+00
-1.615081278462029957e+01 4.152388081921721152e+00
1.301502021474712834e+01 -9.800276055968382138e-02
-4.852404811420676367e-01 1.664016153580043778e+01
-9.859334455479110915e+00 -1.042499827741904106e+01
-9.055772379667548222e+00 9.398579929631242891e+00
1.560062565884937413e+01 5.955688434383485941e+00
1.566634259325361711e+00 5.031608841349154204e+00
-1.150361451048497052e+01 -2.708986134373056132e+00
-1.110393033883131153e+00 5.478259527803452045e+00
-4.879834934083781661e+00 -6.691189447687104774e+00
1.413675169271414589e+01 5.527521667996435184e+00
-6.805594185308676103e+00 1.473790699031243889e+01
-1.337954198687031138e+01 6.012455120215701498e+00
8.715173545106750908e+00 -2.845894875400968971e+00
3.026986756208813745e-01 1.457847300687322445e+01
8.941756148734512522e+00 3.826527904535815594e+00
4.415932297903466974e+00 1.178993411574025529e+01
-6.317902692171358581e+00 6.129268135048008048e+00
-1.010574379292767411e+01 7.267642854840321576e+00
-1.424988610531404021e+00 1.032246790759765886e+01
1.204809249540858218e+00 -5.328531600832333126e+00
9.533765207929736363e+00 1.492675844861373946e+00
-1.380187247320564303e+01 3.581349760776468827e+00
7.418969454754236637e+00 -1.111340759458089877e+01
-8.908918523345263907e-01 -1.333160733772171369e+00
4.824899408439094373e+00 -9.347203142073688298e+00
-4.673067570939309689e+00 8.876338393510195601e+00
-6.622671424181978850e+00 -2.471865795858684933e+00
-6.518119251957012139e+00 -8.881966688848983438e-01
-1.376503039314733456e+01 -6.233077982188376609e+00
