# Antenna elements layout
# Station label: stn.194.C194
# Number of antennas: 256
# Station diameter: 35.00 [m]
# Antenna minimum separation: 1.50 [m]
# X[m]  Y[m]
-2.708654644843264236e+00 1.362585315726664348e+01
-7.676958707828740458e+00 -4.954516427235656550e+00
8.386775921577946491e+00 4.242915572359432730e+00
-2.944485292914933439e-02 -1.370779870575648829e+01
3.733757292492136060e+00 -1.510477527324043479e+01
-6.919304803518151914e+00 1.435760748805161313e+01
5.089435187161519991e+00 -1.096927771766633697e+00
5.393045792111152537e+00 -1.189556259708899333e+01
4.587028683124643180e-01 9.278092873831720766e+00
6.033909949435606990e+00 -4.069112592980175691e+00
9.506938994150040401e-01 6.256651705145920062e+00
-2.570647083959357815e+00 -4.138600389059483575e+00
-1.309264539781545977e+01 9.388911240376351941e-01
-4.986789869440919176e+00 2.165720178245027938e+00
1.206608601104558076e+01 -8.324687602631826167e-01
1.547209829254762070e+01 3.199762910503213931e+00
-1.079833774521231859e+01 1.213770116140405975e+01
1.221566366540624671e+00 8.680139105059687665e-01
1.158161569326186680e+01 -9.022623059311106530e+00
2.059076120654609099e+00 2.314094209517747913e+00
2.423942865820642112e+00 1.205678759758762553e+01
-7.734709081649135953e-01 -1.933935523176431914e+00
-1.063772409760586157e+01 4.663438848886752197e+00
5.900209060631315339e+00 4.828687842919521245e+00
5.412358089636537528e+00 -1.456348500169570137e+01
8.080258575979108571e+00 -2.458992268510723278e+00
-7.633743649033132073e+00 9.796199103012725118e+00
-1.144897564964336922e+01 2.485416245315686723e+00
-1.013108831157888901e+01 -1.150833346283333825e+01
-5.235466020799293574e+00 -1.080681348518849028e+01
1.177686162488170751e+01 1.125827552447390545e+01
-5.354061423992943602e+00 1.156792717484831101e+01
4.129367894316949616e+00 -3.390204116053160632e+00
-1.590864909013117590e+01 -3.088277950617101197e+00
1.105641761099156639e+01 3.683267912245103304e+00
7.856608849764075586e+00 -8.007360425818532690e-02
3.248748611974594525e+00 1.434436409874358986e+01
-1.153230677125804959e-03 -4.094392299120357848e+00
-1.539327902110128932e+01 5.177891712280153769e+00
1.491092157360334625e+00 -1.150593256138498433e+01
-7.511702015307239577e+00 1.450870879963758853e+00
-1.556210710055512614e+01 1.051966183927081744e+00
1.516421905128993330e+00 -3.961819740131437229e+00
-7.729296704282710095e+00 -1.004457922217904553e+01
-9.900656483723292212e+00 -4.732140616652465326e+00
1.155056409442562426e+01 -1.149710978827808816e+01
9.892755845142076510e+00 -8.552390294577072893e+00
-1.200077886390669235e+01 -1.077133089528631871e+01
-5.306663400234121752e+00 -2.541122292279922590e-01
-8.165590700311947003e+00 -7.651878514323144032e+00
1.186428206223929749e+01 9.516803067742163336e+00
6.862979378016227372e+00 -1.498838943196456697e+01
7.066697156655067147e+00 -5.558584738962700555e+00
3.700016573726784941e+00 -1.149724641411542692e+01
-4.613252606679481005e-01 5.160215230564951128e+00
-1.250717851526339075e+01 -2.161411508987242769e+00
6.288327776761487797e+00 1.534529503133156680e+01
-9.940109480328310099e+00 -9.268188364005251145e+00
-2.068517788442216343e+00 -5.589822950542075120e+00
7.485253867278100159e+00 1.099691772649869037e+01
-2.502794229720043617e+00 4.242670093438551504e+00
-1.361885707344691809e+01 -5.213712527939907915e+00
9.812184513688283261e+00 1.278058483270071122e+01
5.906937455114082525e+00 1.385172703464920829e+01
-1.142804526528331444e+01 -6.453760266768453491e+00
1.166735649655635143e+00 -6.756102332461574989e+00
1.036098670047284998e+01 6.274184965252544544e+00
-4.949481347873719628e+00 8.371979701349445691e+00
-4.870657763764254966e+00 -8.447589825348448045e+00
-6.793202985324645837e+00 -1.314521757732926233e+00
-3.303602861805913449e+00 -2.516312578706012104e+00
3.530577726214257694e+00 5.430441303266711373e+00
-2.402371466693871582e+00 -7.685048216346254790e+00
-6.466748421504913580e+00 1.271856586965385461e+01
1.267759418109614344e+01 -7.802661025973193887e+00
-3.445587941936690157e+00 8.375372593094500218e+00
-2.604818418464120100e+00 -1.634847312605653968e+01
1.315434483932529375e+01 -5.196261604572189441e+00
1.016604180943535596e+01 -5.637821643766903534e+00
1.453611174332234413e+01 -7.312444697696163232e+00
1.795310131099096651e+00 -1.002814965841625572e+01
-1.308681715174299676e+01 5.843689601486346419e+00
-8.560106925997057914e+00 1.124984166999134061e+01
4.571611552593722649e+00 1.071496992670277137e+01
1.160136160142040751e+01 1.479769080983942331e+00
-1.581075119930733308e+01 -4.656950702932629582e+00
4.824981457299273302e+00 1.573626029318094766e+01
1.401663664286775202e+01 5.494223635224184221e+00
-4.581445885533867113e+00 4.786006275091441609e+00
-2.982837608716812028e+00 1.102522634572319049e+01
-1.165309307453173560e+01 -8.159745113565485042e+00
1.190124532083352449e+00 -2.455119808606553988e+00
1.491159292038186379e+01 -2.007805048477758092e+00
-9.790439996963954172e+00 -6.311582839867908135e+00
-1.397695194776432004e+01 -2.948975857818592061e+00
-9.947612625442872059e-01 -1.011067351196803443e+01
-6.589931237949633314e+00 -1.285731304929299235e+01
9.912540483336055530e+00 -1.316466501937795641e+01
-2.555252266332693978e+00 -6.163382156120533750e-02
9.862262755195729369e+00 4.684427145193776454e+00
-5.682710265150030082e+00 -5.647929990062955596e+00
1.519630591185492108e+01 -5.736700728412793993e+00
6.471021875286169234e-01 1.450483191632358881e+01
-1.336744876391299996e+01 -8.915670023220133800e+00
-8.403644990249796720e+00 -3.406669513792955684e+00
-8.680567589120583349e+00 1.344619225462484025e+01
1.624519756695080730e+01 1.093333115849816295e+00
-1.121959799297013305e+01 3.162254117561644762e-01
1.178813790021910535e+01 7.892545645171978208e+00
-3.370750591813028052e+00 1.590793716098456656e+01
-3.859316253702832711e+00 -5.250386458188335936e+00
6.971924029147306356e+00 -1.163197426484604513e+01
-1.270564703278456520e+01 1.038521062160888420e+01
9.673473069810857083e+00 1.644048872337108946e+00
3.704426827296920521e-01 -8.644781190829203155e+00
1.316751821010530676e+00 1.084595379294731998e+01
7.420421181871034833e+00 -8.544829101262049420e+00
8.249671635845121642e+00 1.414871647491241191e+01
3.716012787495596825e+00 -9.487083286625310308e+00
3.422311124535006854e-01 2.395714847003119985e+00
-1.459619494889828673e+01 2.829355972417168630e+00
6.418786869192558697e-01 1.608934959413641508e+01
1.113037638255768869e+01 -2.214330410484020462e+00
6.383444509517463672e+00 1.221640037390692513e+01
4.833794629569151624e+00 -8.134788439573002350e+00
-7.761808028665731385e+00 4.365092098344778293e+00
-1.082473385693897328e+01 -3.188805362936038890e+00
-1.331451053382070882e+01 -8.152359529311432595e-01
-9.321650487196146528e+00 3.558542768749671126e+00
1.077493904260830959e+01 -3.952233921568295116e+00
-9.054364359019686503e-01 3.440565068912480484e+00
-9.272338436771253356e+00 8.859389958925589781e-01
-2.729856460805374141e+00 6.467260167780686686e+00
-1.031863367483319038e+01 9.348294097853120377e+00
-6.490485555672460549e+00 7.208192956575580013e+00
-2.168033313477957691e+00 -1.491024260559457915e+01
3.218672931145992067e+00 6.568123060078434605e-01
1.427206435670125728e+01 7.335000334967585189e+00
8.377086431459066063e+00 8.863660228855717804e+00
6.676406640798706604e+00 -1.534747789342779001e+00
-9.108572574711462977e+00 8.189434181842379701e+00
6.266448144873745463e+00 1.081245740202056993e-01
5.690413233881205457e+00 2.763444834172751996e+00
-2.170477784113945319e+00 1.557250344521541763e+00
4.430172222695432538e+00 9.039011259431557477e+00
8.309472651177447489e+00 2.577951936796665677e+00
-1.791479683991321181e+00 9.179187756043443613e+00
-2.771280735715219379e+00 -1.190746205117776313e+01
-3.633764099428947958e+00 -1.025062667042864106e+01
1.028434225783740885e+01 -5.478871950619108588e-01
-4.944226052486277112e+00 -1.375297950629475352e+01
3.594022658610221299e+00 3.749741552141991008e+00
-1.515154782740053463e+01 -1.552886048906383820e+00
6.136696384082174660e+00 -9.661096600255158151e+00
-6.551596804447846978e+00 2.808502050922445648e+00
-1.131427288865193503e+00 7.385000525885519806e+00
5.512255440310255494e+00 -5.980682936688818785e+00
1.859820946317984891e+00 7.582541337525512404e+00
8.496048726409615170e+00 -4.106163584732021476e+00
2.482735681282946416e+00 -1.402235539421625710e+01
9.009785311285831710e+00 -1.021593791920811078e+01
8.579318762972121704e+00 -7.163243429223090430e+00
7.153265175858503966e+00 6.949843337823597977e+00
3.026264350364371580e+00 -7.034343866635667908e+00
-4.560593845368579480e+00 -1.588618272711551960e+01
-9.982319394888072850e-01 1.225570792346911375e+01
1.449847325429241707e+01 1.686068319490061640e-01
-6.022457076142746502e+00 4.271161299876446549e+00
1.929837605042859394e+00 1.530721295327069953e+01
-1.347505589228713774e+00 -1.296101441073428617e+01
-1.269316854032889452e+01 8.423790816906432610e+00
1.015676623696591818e+01 9.528048575990386126e+00
-7.994652465982202472e+00 -1.161968267932612697e+01
-6.471442575577505352e+00 -8.856211915616986730e+00
1.623737112806468730e+01 -3.312414667185983319e+00
-8.506248738537845355e+00 -1.428030046175408962e+01
6.069723503442354229e+00 8.846900320202081502e+00
-1.313911992033393794e+01 -6.919404995562716820e+00
-9.292026700753249102e+00 -1.847614946266512348e+00
-1.095968274699984590e+00 -1.668148392305789329e+01
2.669027673316662685e+00 9.183265717373604531e+00
1.262348563168677273e+01 6.551370145660651900e+00
4.328326606287291156e+00 1.224462150133729921e+01
6.671497259309290939e+00 1.617984340848934721e+00
9.043661305969440178e+00 1.058875814243469904e+01
-1.200733786800658898e+01 -4.396999760441506311e+00
-7.320253031308361358e-01 6.177206802718337997e-01
1.275794879965617312e+01 -3.054582342358791891e+00
3.452960365995142666e+00 -5.530437216595185390e+00
6.773076301549387779e-01 -1.535063204258498715e+01
1.560132833693511856e+01 5.280542960327267110e+00
-9.068506442195987560e+00 5.557056732030240198e+00
1.122481606103299612e+01 -7.203984184298409588e+00
1.021095210993756552e+00 4.363027972979942604e+00
-3.684260147832768340e+00 1.127241425986575507e+00
-6.171737295805185042e+00 -1.521499867501380621e+01
8.027621268899242324e+00 1.266387464840862975e+01
1.414860935535572040e+01 1.961096333059941799e+00
6.957005262577570903e+00 -1.346191024139715608e+01
-4.761113840228771821e+00 -3.635761344147375951e+00
-4.428263946791124894e+00 6.786006584492330518e+00
1.348632261463732362e+01 9.788324477474507290e+00
-9.428947649882957194e-02 -1.141692073825380049e+01
8.502842150682997868e+00 -1.242786852339824044e+01
-1.261762766877047959e+01 4.292434397076981156e+00
-9.835595621725008897e+00 -1.299265304420666922e+01
-6.773327540298668126e+00 -3.134201152572151372e+00
-5.686703673936300163e+00 5.853331603905047587e+00
-1.566077928785395201e+00 1.538838642339054985e+01
-4.534450493447195640e+00 1.459606928917270352e+01
9.560378548443004831e-01 1.257751835356869918e+01
9.848073852359807034e+00 7.792938327733818227e+00
-1.483291820637635183e+01 -6.211636539995813777e+00
1.262592627806826329e+01 3.255376900292692000e+00
-4.866394074789818447e+00 -1.736913465336520801e+00
3.690144818831505802e+00 2.094897573517656042e+00
1.633675619552965941e+01 -5.219358105645639512e-01
-4.359799702858897064e+00 9.813504075275485405e+00
-1.480793778611998235e+01 7.706357934142005206e+00
-7.276447115731606630e+00 5.803297784200548648e+00
-1.013708079517638083e+01 6.647817784984884071e+00
-1.459678302358928725e+01 -7.843660970377959174e+00
-6.984885684057218214e-01 1.052276326721386468e+01
8.322993402905932925e+00 5.787261416308144391e+00
-6.191521355800500004e+00 -7.108225723270169993e+00
1.184992300697419765e+01 4.963332998433173771e+00
3.709798374084904538e+00 -1.723977036130051488e+00
1.381652485135151665e+01 -9.129384236365243765e+00
-4.467712021987745530e+00 -6.938366626988766939e+00
5.554465194806976314e+00 6.962764719298881744e+00
-1.647106791828642969e+01 -2.211630634493566561e-01
-1.148858532561757073e+01 7.386510685998619152e+00
-8.185119761295032603e+00 7.004665118565682747e+00
-2.823138148533937297e+00 -1.350810836724681074e+01
9.560079259678492036e+00 -2.206223785068122112e+00
6.469960097164001667e+00 -7.288871477934524279e+00
-8.069323189750047476e+00 -3.774912354036530360e-01
-4.139877002126128858e+00 1.302573676217183518e+01
-4.252010467627123091e-01 -5.723723455723508380e+00
-3.418793240295675773e+00 2.872750097939967162e+00
6.185194797353759100e-01 -5.503959041276829112e-01
2.180622643258949722e+00 -7.663684284619627363e-01
-5.869845419168232326e+00 1.548083515014737088e+01
4.127138981723199151e+00 -1.298502653499578408e+01
4.165005106617023500e+00 7.554671331052134065e+00
2.247211920482655501e+00 -1.622290239661867517e+01
-4.584485208957923774e+00 -1.219391061680953925e+01
1.427734580939784337e+01 -4.004698099168209069e+00
1.167076313607314475e+01 -5.689919664909291797e+00
-1.103878175447772492e+01 -1.437558393012878355e+00
-5.915814858669605769e-01 -7.314486588167737224e+00
4.987314504409109617e+00 1.123308647062522425e+00
-6.062715106621189065e+00 9.625471115163104940e+00
-1.302589429492261175e+01 2.707214230930325982e+00
-1.633780047455064022e+01 3.168216818776713239e+00
-1.159625962832471657e+00 1.382539208718523582e+01
