# Antenna elements layout
# Station label: stn.385.N9-5
# Number of antennas: 256
# Station diameter: 35.00 [m]
# Antenna minimum separation: 1.50 [m]
# X[m]  Y[m]
6.240333239570148294e+00 1.408741310628962040e+01
-5.253537563433868129e+00 -6.403204316885581449e+00
-1.441039855941388836e+01 -5.449637114241845381e-01
-4.395992302106421334e+00 -1.477096935443159609e+01
9.768494959706188752e-01 1.278809166755542748e+01
5.167721177790447484e+00 4.191504059645232871e+00
-1.256933790952814434e-01 -1.455952684136805786e+01
-7.091162304928937843e+00 1.791195834512539165e+00
-4.575843862672225981e+00 -3.311655934695378889e+00
-5.998677961543616988e+00 -1.094251000325671264e+01
-7.001508091063673334e+00 1.191048463170838900e+01
-8.105689918542914540e+00 -1.425676835429846179e+01
1.189467935637359375e+01 3.678218343974780424e+00
9.030258988151846467e+00 2.600518835369282300e+00
1.057702812543746518e+01 -1.125905234478917549e+00
4.909162632461523401e-01 8.630205739002690279e+00
2.637640750784743915e+00 -4.036883094709226683e+00
6.978664743261123959e+00 -5.530069265362714148e+00
8.542972599374113685e+00 -3.812035139521363192e+00
-9.127801396846599857e-01 -1.050315467680784209e+01
-1.095426845048354281e+01 -4.773587777673418131e+00
1.487867319448630354e+01 -1.512379422636183079e+00
3.190571878342776557e+00 -1.560009071555264271e+01
-1.325919757656850173e+01 9.303836769666066431e+00
-1.046569423313756531e+01 1.028363569877057415e+01
-4.435653105448023936e+00 -1.279024842701131348e+01
1.438943470112919343e+01 1.358475323098840448e+00
1.294594032416782170e+00 4.910028206658381578e+00
-7.379513053142249035e+00 -8.059999944996064869e+00
-1.216828195262665346e+01 1.881049272508427350e+00
-5.830218199911982424e+00 8.685592630241991685e-01
9.005022458827635745e+00 6.252159245295576540e+00
-3.348927028972884301e+00 -5.148687655296397381e+00
-1.058698846346955946e+01 2.674534835242035058e+00
-5.188535473907201379e+00 1.512670244998647462e+01
6.507391957132718119e+00 -1.090716647664902794e+01
-1.135863349210052142e+01 -2.348928349467911403e+00
2.736818752169071445e+00 2.444350888548733280e+00
3.964550591335093799e+00 1.563999632408598472e+01
-5.843515955433536746e+00 -4.851293500057174413e+00
-1.516729546865029477e+00 1.193368375163213102e+01
1.640614163429901851e+00 1.423633030995192073e+01
1.370962777080444894e+01 -3.772849630069391225e+00
1.243702442309938760e+01 -4.764762903440399100e+00
9.603833565474541700e+00 -7.919793086900039469e+00
-1.025936419633507235e+01 -5.194194115918442378e-01
3.429866317483110549e+00 -8.950656159578093352e+00
-9.229715664105992090e+00 -5.532664168524762616e+00
-1.380214089814955969e+01 -3.234115220708311256e+00
-6.817831963815841334e-01 1.523081119889386770e+01
-1.384628975663950712e-01 -5.757440556132571885e+00
-1.225189504478756675e+01 4.900286982789921808e+00
-4.972116533312522790e-01 -2.403503805420072581e+00
-9.879538816585821337e+00 8.468345333811374331e+00
4.078119317339687910e+00 8.766298558561747001e+00
8.507285665171124833e+00 8.663668974321474536e-01
1.591799455489856996e+01 8.864740379568871731e-01
-7.433116376607724618e+00 5.828429438890868397e+00
1.022113823155354595e+01 -1.049179003082722517e+01
8.721377267647763887e+00 1.021904363670986982e+01
1.219498107245414786e+01 -9.427616359760989440e+00
8.016192610603813051e+00 -1.102925549652020720e+00
-4.017886958582934653e+00 -1.118163837999095023e+01
-5.848555304920637354e-01 -8.939066019759106752e+00
-8.492481229085077743e+00 -1.045609153064517116e+01
8.841614287534046213e+00 -5.509152153066862567e+00
1.838929758222644040e+00 -1.586486115787399953e+00
-9.715489575366614616e+00 -9.477809439382678391e+00
5.431829890129467486e+00 -4.744174283268574044e+00
1.969934922138385502e-01 -1.659540578055087323e+01
-1.449550267288092797e+01 -7.308063448078092605e+00
7.847631021887480074e-01 -1.266345082142521505e-01
3.833848226600164111e+00 -7.350873926627336630e+00
6.235869810680885195e+00 2.619528392466818900e+00
3.341760409709216617e+00 -1.409032687389106542e+01
-1.296203173226014727e+01 -6.491859106994096962e+00
5.103129202538880804e+00 -2.411783669352553616e+00
-4.821884499163521909e+00 -6.013272662521664813e-01
1.508757334557873975e+00 7.177265421445277127e+00
7.202215625112390995e+00 1.206258852888182531e+01
1.589179834985144879e+01 4.959289839399342981e+00
2.925568951077217150e+00 1.335837652855174795e+01
2.894062616559072154e+00 4.541262042548545708e+00
5.430582794736860563e+00 -1.256734985950193817e+01
4.750277309215000798e+00 1.275223536912246658e+01
-3.765725811472217188e+00 7.300266478320512675e+00
-1.418323555596323615e+00 7.216832597765446167e+00
-2.871937309738699540e+00 1.787573670234703371e+00
-1.619971140816976174e+01 -9.061374173220784201e-01
2.615802559080258050e-01 1.085945779086037888e+01
-3.630270107062521845e+00 1.377379530903962745e+01
4.509865593283723939e+00 -1.130039292241708893e+01
1.348142663835684374e+00 -5.257657138960654564e+00
-1.291329854352185436e+01 -6.570829726576690177e-01
4.861737857127632623e+00 1.895632873830283671e+00
5.685490186006713742e+00 6.384664392069552719e+00
-1.093713779486421345e+00 -8.508748228528695279e-01
-7.023080870965261013e+00 -2.445720558705822612e+00
1.242966371109499946e+01 -2.664489358198496305e+00
3.181667077577017722e+00 6.890988436915154836e+00
1.538070254829771955e+01 -4.283662210429532990e+00
1.427288156660706875e+01 3.441620515286789583e+00
6.652635585375755056e+00 -1.508006503753283667e+01
1.370820036251355845e+00 -8.072844633112392643e+00
9.602250190388655682e+00 -1.338045121612533706e+01
-2.147102395097839178e+00 1.047392264647157845e+01
1.218173315849392324e+01 2.661704200400336617e-01
-1.235732959746036386e+01 -9.319047951736722624e+00
-4.555618027674933401e+00 2.260291647879498100e+00
1.648932464203366521e+01 -1.396618547352066031e+00
-1.086259624934252521e+01 -1.096112164845525783e+01
-1.607957573325819212e+01 -4.202577566990491675e+00
-3.391974773261766885e+00 4.379778015534256497e+00
-9.823066469777632648e+00 1.303084021395416769e+01
7.353303158231806691e+00 7.313256302177144619e+00
-1.093483444687556982e+00 3.813179934365543033e+00
-9.243873458336222981e+00 4.512846578892649063e+00
-1.552270678135511517e+01 3.785817254082299854e+00
-5.923689971438266255e+00 4.790869883049158062e+00
2.340401395822759412e+00 1.637696861255385983e+01
-4.006705118720557124e+00 9.854524520177733393e+00
-2.465254907023082254e+00 -1.965134716286129901e-01
-7.902432094251457428e+00 1.016821011408420006e+01
-2.564811238880194466e+00 8.441400812663232500e+00
3.637268409829292892e+00 -3.481423648749348843e-01
-7.696194981285595205e+00 -1.189924748896218176e+01
-8.020127924224659921e+00 -4.033080550582843316e+00
1.401319095522654834e+01 -6.403142320357263273e+00
1.426289585350549771e+01 -8.404306680294556742e+00
-1.476598829375702238e+01 6.814350237966682045e+00
-2.492681920702242593e+00 -2.687867924476355697e+00
-1.573964350890548047e+01 7.484815466503746961e-01
1.291968803874969751e+01 1.024200256747020532e+01
2.962884016809503862e+00 -1.067708634119589561e+01
9.786156245418400346e+00 4.591018665786638309e+00
-6.930117764659089019e+00 1.389571938357988046e+01
-8.938728190279302765e+00 1.142478382187287878e+01
-1.347610557245868534e+00 -3.834627181808466290e+00
1.472418930937042347e+00 -1.350086420301717993e+01
-3.056885400724507207e+00 -8.892087622404972080e+00
8.136605302647659244e-01 3.444319646843190696e+00
4.045560328347622914e+00 1.027227071453911478e+01
-1.828209884985652067e+00 -1.524662336769899618e+01
-2.421118218668738109e+00 1.475208992259108243e+01
8.473141481965267729e+00 -8.930184814944436056e+00
-1.037806861861412067e+01 6.440317814322273904e+00
-1.155359132515960496e+01 7.636920760007058107e+00
6.392555106657724195e+00 -7.764399524840564837e+00
1.124281665485632686e+01 7.416303537553481817e+00
1.162099670883713287e+01 1.191396117375763453e+01
-5.841835031127496691e+00 -8.474739318898011575e+00
-3.715559752831698148e+00 1.607224315178527974e+01
-6.112233854809929312e+00 9.448386979969917832e+00
-1.137349783661821689e+01 -7.371055274914393607e+00
4.998205516582206798e+00 -1.559521412529729645e+01
1.081107156064249963e+01 -6.561184916753667551e+00
-5.102682196109849855e+00 8.301529318692285386e+00
-9.459495946039734093e+00 -1.175817653624363146e+01
8.424064806033349839e+00 1.359376234545360163e+01
-1.262039990687393143e+01 6.506653489873333029e+00
1.039298612117464771e+01 -3.844648970391014942e+00
-2.557772170427908165e+00 -7.207946699632442389e+00
3.623948711529724420e+00 -5.249576072480724775e+00
-7.650253238075094941e+00 3.945992447170027617e+00
-1.628338032218067255e+01 -2.652344643120182255e+00
-4.105021975677001222e+00 5.811177653697850332e+00
1.279543527997750374e+01 6.455768277115062403e+00
-4.330264299477342149e+00 1.212968133291752793e+01
1.345058210514316954e+00 -1.045213425776996985e+01
1.641394757044112396e+01 2.634784811452323794e+00
-6.292269644865182698e+00 -1.532431316482848160e+01
-1.027174944175329330e+01 1.050198666082255983e+00
6.909401541630263210e+00 5.326990030044669311e+00
1.371655480948533778e+01 8.756376625203674990e+00
-8.580240504373589872e+00 7.054392183173931130e+00
6.293999047041797468e+00 -6.594206731740115401e-02
-1.425426683353955504e+01 1.874583466154472688e+00
1.316881329858529170e+01 4.824553635812801389e+00
1.145082646288766526e+01 -1.137660580468306648e+01
-9.517095374004600927e+00 -3.083431463863274047e+00
1.217795149196329874e+01 2.161818270045429813e+00
1.705047245866506245e+00 -1.659871278745592704e+01
5.632077497655664899e+00 -6.295441228682998158e+00
-8.585845723817541852e+00 -1.818363254092398407e+00
-5.794753248254581379e+00 6.750586438088006958e+00
-1.229970946303594204e+01 1.062652224367312925e+01
1.024903417188571453e+01 8.878564028026854515e+00
8.041154447144954531e+00 -1.236273000225336283e+01
9.268250582029779139e+00 1.220304062949627522e+01
-6.115829968113427384e+00 -1.328684957581161541e+01
-8.336476465778480005e+00 1.560055510215008212e-01
-3.830221551622656762e-01 -7.263993907669263450e+00
-9.691731433493007586e+00 -7.537347068641487624e+00
6.873811299118255391e+00 -2.485167887966117206e+00
2.228398181976380954e+00 1.176388200812288787e+01
2.370504814579291519e+00 -6.854778495223753154e+00
-6.804252035386809894e+00 7.978593971337133439e+00
6.340144037813946198e+00 1.029750043110906077e+01
1.484463633246686243e+01 6.810007632235294039e+00
2.445810354838801715e+00 8.535589711228780629e+00
-7.866420204566004770e-01 -1.240353499153903627e+01
-1.265304640270201730e+00 1.756766546599894951e+00
9.081164957009040251e+00 -2.288070621881429290e+00
8.147969659155403832e+00 8.732094698679247813e+00
5.556246029768438177e+00 8.339535433640733686e+00
4.888758381640226247e+00 -8.473214248303273521e+00
5.631478799176562688e+00 1.550835419250041980e+01
-1.355658000951270381e+01 4.033653997382167233e+00
2.462647656605511770e+00 7.698544671393250383e-01
-2.338291608120776743e+00 -1.356717427256539565e+01
-1.383107275594890062e+01 5.537865544538458806e+00
1.134679533763893389e+01 5.905401219374262212e+00
1.049035047527395292e+01 1.810691387181670109e+00
-1.867079797745279990e+00 5.761851138536393080e+00
1.907542023018557131e+00 -1.191132379661004492e+01
1.632913024178245820e+01 -2.962543009465987254e+00
-1.349922445343370470e+01 -4.753935984428816042e+00
1.138743312526850104e+01 1.034271582423548708e+01
-2.321780970076652295e+00 -1.187375355821421863e+01
7.732176657056260893e+00 -1.403290914768464148e+01
-5.210517323894384489e+00 1.337790067134785588e+01
-1.084598682406697456e+01 1.184992782279763901e+01
-1.460171871256196496e+01 -5.781104213380046986e+00
7.913752216487832669e+00 3.721754117170846143e+00
1.406691118631009374e-01 5.873681269842069952e+00
5.679460462244669827e-01 1.806503246601820933e+00
-6.879486481356082095e+00 -6.455159509248616700e+00
-9.576925187566001085e+00 -1.368167738124559207e+01
1.204395023123035458e+01 -7.625593485260051096e+00
-6.819825958942079325e+00 -5.844599808305623867e-01
8.100797520553733477e+00 -1.057649198042770777e+01
1.180058578256512547e+01 8.854626641456697200e+00
-8.614202940305844436e+00 2.072767912688604497e+00
1.370847005678472996e+01 -3.232491969870352477e-01
-1.085291170273380246e+01 -1.269255290735848618e+01
-3.306379071621659449e+00 -1.589740755774850633e+01
1.416480421288699887e+00 9.811542294322226354e+00
-1.248213755770471778e+00 1.665715835417179136e+01
-1.607244671280303550e+01 2.297621845940710728e+00
1.346610261884890747e+00 -3.228663508803194304e+00
1.313762076730142780e+00 -1.504571428036234515e+01
-4.731217850507984934e+00 -9.492039257338401370e+00
6.273668687208253658e+00 -9.379928341566055039e+00
-1.177267617448221060e+01 3.949379593828652446e-01
-5.553524626373121720e+00 1.102258362663588187e+01
3.357697942475912356e+00 -1.251159172922965013e+01
-1.204750178290781726e+01 -3.742293693957698508e+00
1.068837119061588581e+01 -8.987901838155771372e+00
8.154057606197930852e+00 -7.288553811248274172e+00
-1.392416025924019962e+01 -8.847903725003362752e+00
-5.733568485808739013e+00 3.223363278313762237e+00
-8.326098835777548501e+00 1.326558967296426417e+01
-1.075817964513719360e+01 4.531688577876309409e+00
-1.167479380665630906e+01 9.189168352896739833e+00
-1.668974684577033685e+00 -5.655345326510168746e+00
-9.828729960190756287e-01 9.252444351521425858e+00
