# Antenna elements layout
# Station label: stn.160.C160
# Number of antennas: 256
# Station diameter: 35.00 [m]
# Antenna minimum separation: 1.50 [m]
# X[m]  Y[m]
-1.088830244065883868e+01 9.573453608335633191e+00
4.668076927220859318e+00 -4.270711204719271237e+00
8.121329562917548373e+00 -7.791693967534483178e+00
-8.489623933564047320e+00 1.199197233777284666e+01
1.896039184718087967e+00 -3.743348993367558109e+00
-8.066358363123576680e+00 -5.303639509600742485e+00
4.234424686769415302e+00 2.528324133046243816e+00
-2.590850230450936209e+00 -2.277944027951328110e+00
7.958649265392189420e+00 1.377569003972578088e+01
1.475154517825654210e+00 -1.356648153153518166e+00
-8.036098986751920137e+00 5.537299336994944809e+00
-3.777439008050325953e+00 -1.446545992071058961e+01
9.883734471085219297e+00 1.319046888726093414e+01
8.206720029158365293e+00 -5.850868549208454894e+00
6.305793295137497978e+00 1.430080404189508769e+01
1.190047215482748655e+01 6.907084331901437224e+00
2.407764641847929710e+00 -9.290701368775668101e+00
-7.938823540682497182e+00 -1.187526935482738466e+01
-4.916010319082378288e+00 1.086254804832614340e+01
-1.412569650847274261e+00 5.711514323187000031e+00
-1.659587494629539606e+01 1.903838633520447132e+00
1.051410483059566658e+01 1.139838113397312114e+01
-1.565194892652223757e+01 -4.416654607644211694e+00
-1.187639935573727001e+01 1.108643481094657801e+01
-1.178479725503278175e+01 -1.093985795413073703e+01
2.880908732214304990e+00 -7.251114115460000065e+00
-8.299581070973189867e+00 9.570731948519846100e+00
1.324986638465730948e+01 4.763547794470792240e+00
-4.140290673832256019e+00 -1.299912132121009911e+01
-1.020724543366128501e+01 2.886790287729034787e+00
4.592177917911662632e+00 1.513386916398286530e+01
-2.944361792433202396e+00 1.409563688801545922e+01
-2.965866203558155334e+00 8.940115858456870512e+00
8.923983477161982591e+00 4.501564133510740362e+00
7.416068623922861036e+00 1.195067974991431825e+01
-9.913104133093053605e+00 -8.888777127908417341e+00
6.308582554847003365e+00 9.241960575262563538e+00
-3.596853073752933838e+00 -8.880516238805929774e+00
-1.970242560589625214e+00 -3.013450981318968047e-01
-8.043356925647483280e+00 2.072024412124662263e+00
-1.425914992318896068e+01 -3.666778992575849827e-01
1.240067661416954792e+01 9.207806972112990707e+00
-5.398009621109123302e+00 8.227365648140608556e+00
-6.190239612400475266e+00 1.223165837782854481e+01
-3.188351575169418695e+00 -4.336201125269319334e+00
-5.600235778738944958e+00 1.580991982544453833e+00
-4.755579857520078946e+00 1.397993879539488660e+01
-2.027895736707137075e-01 -1.168851081464668695e+01
-7.379280364811542370e-01 -7.105088607430493752e+00
-8.105743157083480810e+00 -3.554885578959078529e+00
-1.534702409355581665e+01 8.127344488001781997e-01
1.496991033104146851e+01 6.635323301154475217e+00
-1.086354463536773274e+01 6.370916798384005375e+00
7.048755647206256469e+00 -4.258206293402214015e+00
-1.252276088752868333e+01 -2.656271008518970689e+00
-4.862605989433044229e+00 -6.674877704767743225e+00
-6.265753137542590778e+00 -2.392432951664886787e-01
1.154539125782797271e+00 7.780800138016793710e+00
-3.790158748035992176e+00 4.918505370517017639e+00
8.951843307837155095e+00 1.045278054002517010e+01
3.671549815802752192e+00 -1.439806861874295052e+01
-2.412590882048474938e+00 -7.944472851378389322e+00
6.171186347315188669e+00 -1.670643597302339245e+00
-2.170850449296226614e+00 2.585211129627360549e+00
9.602726311847540330e-01 -1.274145212176308917e+01
-5.880205056364578908e+00 4.021380049716754002e+00
-1.233447804657550151e+01 -2.080518051638655663e-01
4.589089469580443392e+00 1.010925151010794210e+01
7.274163047894859346e+00 -1.354671670096328029e+01
-1.164434900841392562e+00 1.172236823835821440e+01
-5.527096535401625488e-01 8.033214277698306205e+00
1.145775479760260041e+01 4.152445849573993542e-01
-6.028091060996047190e+00 -8.035182572401041057e+00
4.558536059844747967e+00 8.370515532118979252e+00
4.353169422297437308e+00 -5.247987221710204153e-02
-1.279224925403750746e+01 5.233811286884826330e+00
1.523020400578626266e+01 1.784614772025420848e+00
-4.100054381959168381e-01 -4.669937337970280211e+00
1.335866981518819330e+01 -8.856069366501824192e+00
5.427639284736851977e+00 -5.658392487400591975e+00
9.528499341589320437e+00 -9.766891705053314610e+00
1.406897892235001279e+01 3.424533381305664648e+00
7.316582763211279428e+00 7.111902520097778790e+00
-7.291584864651211362e+00 -1.480146426996825681e+01
-8.498489288985163981e+00 -8.108686754467854030e+00
4.720794273217435943e+00 -1.143664663238972601e+01
-7.329339225123799650e+00 -1.327649095090528242e+01
-1.520216689891676687e+01 -5.959753028084666227e+00
-1.311909438024030905e+01 2.232762341412442453e+00
-7.317450167612436829e+00 -1.022872272191344223e+01
6.363792264858464165e+00 9.206466522924756646e-01
-1.362494597921939743e+01 -7.516560677343820274e+00
1.239765972581459508e+01 2.926241610984874342e+00
-8.744442003174768274e-01 3.650557132354819601e+00
2.151285234844383609e+00 1.365470598856600049e+01
1.105268891651753904e+00 2.538688000445759485e+00
6.705280362832251484e+00 -7.265064907504607206e+00
-1.673814984970038111e+00 1.605781009399330372e+01
1.446721526035935312e+01 -6.693921573280269044e+00
-2.221116391972413950e+00 1.038309703952728569e+01
-7.769383601784063842e+00 -1.929360405551747704e-01
5.784085329953324361e+00 -1.535411819900992825e+01
-1.308790578185001863e+01 8.329688966798837413e+00
-9.670508821472429517e+00 -6.690232552580683389e+00
3.074431747845522978e-01 -9.779067168797450194e+00
4.150753216780884713e+00 -8.610393317496328081e+00
6.279594313665498362e+00 5.738934605804473676e+00
1.593180976489597356e+01 3.244548930399080433e+00
-1.059934057676577979e+01 1.275719616835437265e+01
1.035684171879240267e+01 3.079945413833389267e+00
1.397360492236519391e+01 7.962759087451310336e+00
-1.000673464173178928e+00 1.443081474117825636e+01
1.112481017458839361e+01 -1.857401879194263472e+00
-5.220706607523178278e+00 -4.553606349698579692e+00
-4.527241898927858443e+00 -6.317609054058301865e-01
8.239494629024704864e+00 8.696167857091026576e+00
9.767931053787908269e+00 -7.072843156146461752e+00
1.519627228707138755e+01 -2.550229499928455823e-01
-4.279931673816186333e+00 3.426738208237441796e+00
-3.574754512022067843e+00 7.124512601220661878e+00
-1.285852892269070580e+01 -4.690720315063373391e+00
-1.017072198319760545e+01 1.108273181433715493e+01
1.278524884908853565e+01 -3.849747233541467750e+00
1.540992906521724848e+01 -4.615479821742805910e+00
3.301744951309757425e-01 -1.525435381289722514e+01
-7.404424435539063154e-01 -2.520156147439157834e+00
2.262601432061376983e+00 1.523339290474618224e+01
6.405364716712629303e+00 2.921051861480865597e+00
2.030104657285459524e+00 9.327384852009931393e+00
-1.192083457702087479e+01 3.461643176918510534e+00
1.037838450499907594e+01 -1.263110802119823539e+01
8.530992300389801386e+00 5.950727816502872969e+00
1.348825226198978555e+01 -7.718971166494696945e-01
-8.028635095863776883e+00 7.142314506777530880e+00
2.702930239413056768e+00 7.117370980514351686e+00
3.082819323874897322e+00 -1.842188451255532655e+00
8.006476232789715652e+00 -1.032042998755345309e+01
-3.240368645824613480e+00 -1.125145060992115376e+01
-8.723471020232231865e-01 1.354045018462226579e+00
-1.098861685513291064e+01 -1.233300104843238643e+01
1.114601373287482389e+01 -4.010054440853727087e+00
9.392795727670986139e-01 1.017940097109931941e+00
1.070374848231594456e-01 1.053438249446607244e+01
-1.209282291685604349e+01 -6.596679847139155228e+00
-9.114594151068693861e+00 9.284408546167597365e-01
-1.078565701060310644e+01 6.252216967993007302e-01
1.110501047863053969e+01 5.627561224400206896e+00
-6.265732553782747516e+00 1.470489383402514960e+01
-9.817898092079635930e+00 5.293273247561458561e+00
-3.290344011633056454e+00 -6.542878539694141793e+00
1.653115008147505449e+00 4.169762981257676415e+00
-1.226917687628505149e+01 -8.732311457063893556e+00
9.014328875277850983e+00 -3.235326150482190855e+00
1.147891178152259783e+01 -9.734641326992200305e+00
1.455880109901527675e+01 -2.987706515995503409e+00
5.396863687291020284e+00 1.271629871995114414e+01
-8.137706176201767505e+00 1.453865214184947519e+01
-1.616299959484112847e+01 -5.415569186361537390e-01
1.134938395985127357e+01 -7.701024778278101834e+00
8.184488558046396633e+00 -2.471532839437848850e-01
9.745615735301662141e+00 -4.089524688199297486e-01
2.428400617017764773e+00 -1.575199276823387429e+01
8.677830695464439970e+00 2.247314030916861327e+00
3.781175075746112668e-01 1.347604285222852738e+01
6.821832981552731212e+00 -9.059907103305574694e+00
-2.411806175096309346e-01 -1.384052356421073071e+01
-6.355611824899632722e+00 6.823665488744506291e+00
-1.448443654586434093e+00 -9.319688855926193227e+00
-1.512576695847967834e+01 -2.567886816605215117e+00
-8.797324340588236424e+00 -2.109524893311919058e+00
-2.800103662497187784e+00 -1.567246401691279090e+01
4.214205093796820734e+00 5.340675046073847909e+00
-1.073745988600347978e+01 -3.533299789164042082e+00
4.794738180669870786e+00 -2.367238185054411304e+00
-5.664575952313573026e+00 -2.983006776365160206e+00
-6.356994833913974574e+00 -1.148720405074195128e+01
-1.444844786474620335e+01 6.160939323697231629e+00
1.007536011795598796e+01 8.814577826259160531e+00
-3.927109341534276155e+00 1.401536730626173011e+00
7.199573386538283160e+00 4.195320160980880786e+00
2.133567330149094943e+00 -5.383526258087590222e+00
8.630753151169880510e+00 -1.173247331933104576e+01
5.151171746661017181e+00 -7.425207457621231910e+00
1.388008953016005975e+01 -5.041520278115728004e+00
-7.144747563525552181e+00 8.409025337242212572e+00
-6.707898616405080006e+00 1.063132111027708504e+01
1.090614520390127495e+01 -5.764263617645095650e+00
-1.703321484142698239e+00 -1.318778512539154235e+01
2.452306791536784658e-01 5.675862517809523666e+00
2.683006921760664909e+00 1.039691518340795540e+00
-1.094522136094773757e+01 -1.547250508149105030e+00
3.234695290628057052e+00 -1.166334768912559205e+01
-1.598614769995095308e+01 4.960103594227440738e+00
1.850982421246428089e+00 -1.072851871036103688e+01
-1.512845646004348943e+01 3.654914263492486270e+00
1.002980083563694080e+01 6.717593253965763012e+00
7.671206684996118241e+00 -2.086486126010512976e+00
-9.632762667975878657e+00 8.423198544336024440e+00
-1.133670235246461289e+01 7.846761602527102752e+00
-9.387094822284183238e+00 -1.340789659550885560e+01
-5.442659323771593449e+00 -1.549875881358716434e+01
1.319606493508343803e+01 1.266502010496530772e+00
6.465510291594288361e+00 1.073823520504140561e+01
-3.677807678260583302e+00 1.187963322933382315e+01
6.151203656727766145e-01 1.540372358839496769e+01
1.636554049684353629e+01 -2.589831112427084747e+00
1.329782383416937108e+00 1.144379063931283369e+01
3.880064113084984001e+00 1.374082739961925981e+01
8.893264795554916446e+00 -1.405227353147740033e+01
-1.482026690078516395e+00 -1.483067121627971119e+01
1.657325697116791474e+01 8.708991790592470750e-01
-8.205199191813576931e+00 3.605135451874538433e+00
1.289524128585945206e+01 -7.186770001804315910e+00
-3.710625284051118911e-01 -2.508709400028443781e-01
1.757214509685780968e+00 5.917732639942087758e+00
4.387985133245596359e+00 -1.591624446299364237e+01
7.025584479878226318e-01 -8.152861355080627703e+00
-4.747100122270168754e+00 -1.005343020545413069e+01
-3.980057090210602055e+00 -3.038056611636484661e+00
-7.158749393070626965e+00 -1.911878705258315492e+00
-7.476869093840894820e+00 -7.009105154193711940e+00
6.358385320123947082e+00 -1.197457869517974949e+01
2.905279693270397701e+00 1.085440196124969603e+01
-9.227244079643490693e+00 -5.745576241504792847e-01
-9.557458013686003895e+00 -1.076728093249430174e+01
1.605843607799990025e+00 -1.446143202999665611e+01
1.255311088644723583e+01 -1.094136386646282944e+01
-1.480713260595441660e+01 7.701386783251344070e+00
1.659128698849308847e+01 -9.969653043269843806e-01
-3.749318528319657062e+00 1.584886770342191653e+01
7.804423844341812355e-01 -6.594239875625692804e+00
9.782136051167167778e+00 -4.709816123090730500e+00
-2.018268902618819638e+00 -5.739559633783303028e+00
4.770058312331677541e+00 6.750892337323865178e+00
-9.504431903880696808e+00 -4.689318342175774035e+00
7.435181924392111341e-01 -2.764699732470049298e+00
-1.348452414200772509e+01 -9.876416508249819870e+00
-1.107407930590433232e+01 -5.474160645641552136e+00
5.332748821027049502e+00 -1.375256599274590030e+01
1.539218333603351851e+01 4.984422467242197285e+00
-1.287801556945967896e+01 9.945636107971424167e+00
3.297508327809769213e+00 1.231058096893180576e+01
9.915128694951228283e+00 1.123707571674987804e+00
3.925328098874530269e+00 -5.958244487925336230e+00
5.033995094193329578e+00 -9.957488352786089791e+00
3.385814183200935190e+00 3.881828805751375455e+00
-1.131245346893133075e+01 4.887589824995654197e+00
1.051419620196411842e+01 -1.098682558208243165e+01
1.285891229081309461e+01 -2.133657557065475885e+00
-6.476875006117907674e+00 -5.737509845942017961e+00
-4.986339198405111972e+00 5.878670556524554058e+00
-5.905511628066731689e+00 -1.405588140141310660e+01
5.448443739428711297e+00 4.088784982648309807e+00
-1.389796746350001300e+01 -3.555244268337895974e+00
-8.022792188847773787e-01 -1.652712840486756107e+01
1.238519412033846478e+01 1.094865992240209707e+01
