# Antenna elements layout
# Station label: stn.080.C80
# Number of antennas: 256
# Station diameter: 35.00 [m]
# Antenna minimum separation: 1.50 [m]
# X[m]  Y[m]
2.302071587054314250e+00 -1.396408714669735573e+01
6.446856379096640666e+00 -1.060423602366593343e+01
6.437597171612072344e+00 6.829903145527559616e+00
2.453406711780591110e+00 -7.420097058625167108e+00
4.956954049161552689e+00 -1.135714800806489322e+01
3.050913837709384069e+00 6.179422080890105917e+00
1.701213063645834467e+00 -8.628474683786642174e-01
9.095746160980738182e+00 -7.316650124182114467e+00
2.362370497235676936e+00 -9.161418093554347664e+00
1.189333105204473640e+01 -3.139166188914657596e+00
9.918266521689645288e+00 8.353427571563649678e-01
5.408322603019303898e+00 4.716090584840095801e-01
9.096106825503738946e+00 -4.987900571602802202e+00
1.207352230445708585e+01 -2.994743348827775264e-01
1.262291345379255958e+01 -6.011844184119164325e+00
7.751923569480961618e+00 8.744335382577411053e+00
-1.726722349923843325e+00 6.714162806996391453e+00
-5.687982825593975278e+00 -6.633886829985605971e+00
-7.847947948450171296e+00 1.308637390225417363e+00
-4.215082666852449478e+00 -3.741071758823402149e-01
1.121404436295643237e+01 -4.594637097258829073e+00
5.992019888972709651e+00 -4.944606547246630512e+00
-3.180902521604005884e+00 8.158878831914488927e+00
-9.747899323461275856e+00 7.530901581461321825e+00
-9.972209187588347845e-01 1.067390357948927715e+01
-9.741336303114209727e+00 -1.327038193285084411e+01
-4.109108459070325736e+00 -5.681656478545670907e+00
-2.151581915351499674e+00 1.559301332675309482e+01
-1.610527930038983158e+01 2.330379250089293919e-01
-1.114833092953415417e+01 8.349628132649964840e+00
4.401525247066803814e+00 -4.995794911620080825e+00
9.815285662290119006e+00 6.347866364176645959e+00
4.504082974158080788e+00 6.637294851016818598e+00
1.247951681588546435e+01 1.112431945081227624e+01
1.376948432435004932e+01 2.453414179343226920e+00
-7.574431419081159689e+00 -7.002244405664841409e+00
1.454923132777388162e+00 7.088697096368832717e+00
-4.550958517495907074e+00 1.008400340026307518e+01
-8.869982909535885085e-01 2.384700793645173178e+00
2.347231503246469231e+00 1.647472933995409505e+01
-1.272283756122903142e+01 1.087044602917462299e+01
3.906239691962838378e-01 1.501974985409435703e+01
-1.079888528294133465e+01 4.028706456508498235e+00
6.398508842227645488e+00 -1.450155559424064045e+01
-1.256835199814211990e+00 4.269027949230444818e+00
-2.359364099614467136e+00 -1.470951599663974108e+01
-3.466818649904130467e+00 -1.153082100761632134e+01
7.216396239428643611e+00 1.509128298286975678e+01
-9.345864579158542185e+00 -9.871729352694984527e-01
1.000081781254645819e+01 1.119924644707447925e+01
4.941342542466856003e+00 -2.623006249296912173e+00
1.177900948898897227e+01 -9.400252101124692672e+00
2.972281023500247699e+00 1.167171503747130146e+01
-1.294717324387569590e+00 -4.810462194818136084e+00
-9.843252877489472752e+00 1.135658527616673652e+01
4.490493948215881659e+00 -1.438628499428189222e+01
2.417718003921340397e+00 2.948086013465136546e+00
-9.181322608874783242e+00 1.311093626344233698e+01
-1.109220896779866905e+00 8.855358794952820745e+00
-7.893380443440500827e+00 1.144110123463221029e+01
7.714435158250012137e+00 2.050711037542122028e+00
-6.642253974297281260e+00 1.028668617271665298e+01
-1.251047998079152279e+01 -9.821018659120566596e+00
1.106012894810448799e+01 1.004685836304798130e+01
1.308744417492444967e+00 -1.524652297429786607e+01
-6.278002807609466274e+00 -3.244967956102726703e-01
7.098799070707840997e+00 1.326059583651288420e+01
-1.138586685022474221e+01 5.928976578827334976e+00
-1.458435141526841505e+00 -8.450316561209945121e-01
-5.805147200060764234e+00 1.459608317379952780e+01
-8.347338120910956505e+00 -2.464561664820214659e+00
-3.682305885795763345e+00 2.505319695554149462e+00
-5.538750652933753571e+00 -4.092986505766365468e+00
4.425335398227364436e+00 1.623857439197870178e+00
1.119675424183816403e+01 -6.504028844929887754e+00
1.005415269559362912e+01 -1.533737973818750433e+00
-1.490869937003813206e+01 5.133431142307042450e+00
-7.666232821479940895e+00 -1.091655370614216025e+00
1.009244954409090411e+01 -9.809870304537252395e+00
4.548021032092307792e+00 -7.861922862843968574e-01
-4.729027223302608718e-01 -1.556617320295859841e+01
-6.266749636105020116e+00 3.099309529602205515e+00
4.657632902484312609e+00 3.906374480739732036e+00
-5.350886267955958786e+00 8.670891479539239555e+00
-8.006192893727046567e-01 -8.837904930622494604e+00
1.415707437654108247e+01 6.428910055340772089e+00
-2.198736244849488486e+00 -1.657755824788122823e+01
2.909021895459574125e+00 8.347043213505184411e+00
-9.437769207025871410e+00 9.578106043047707630e+00
1.425842233359323075e+01 -8.454311486504847650e+00
7.216705617117938232e+00 -8.291409194552628037e-01
1.183517113003592414e+00 -6.117447813425284764e+00
-1.265720296178477255e+01 4.037891834434464755e+00
4.700087167522081444e+00 1.135405054014713500e+01
-4.006429091177725610e+00 -1.570469467604835323e+01
1.145246005924871469e+00 5.326168345996524778e+00
-6.931810088828381566e+00 5.378574608721276462e+00
-1.262909039562796920e+01 7.218208340810786439e+00
5.522954154869736954e+00 8.246924827690079951e+00
-4.545058149151252280e+00 5.687624537622589571e+00
-1.358172853483021747e+01 7.684575277370342405e-02
1.062047677842193494e+01 3.554187509344973961e+00
-1.507014126149299571e+01 -7.018594436356504929e+00
-2.889975278634832279e+00 -1.591074448163515953e+00
-4.206927555621575721e-01 -7.131970761517615998e+00
7.413127560266264737e+00 -8.464460018275024922e+00
-4.037945267278658434e+00 1.610405793350189896e+01
-5.143278935596564239e+00 -8.788426469617224512e+00
-3.636566675259516046e-01 -1.227844237235750491e+01
6.594183206268535713e+00 -2.384221623810493185e+00
1.146578002993506828e+01 -1.212006537981060106e+01
6.359611908318964169e+00 1.044377466130777776e+01
2.751181621302727365e-01 1.219923424216535324e+00
-8.355279471203539643e+00 -9.715470038992823021e+00
-7.077697150875156495e+00 -1.234152309421202176e+01
7.663578849717776365e+00 1.123169684403446311e+01
-1.209746810091876768e+01 -6.078173458667967211e+00
-9.797812330231332467e+00 5.322674820083307168e+00
-8.640593028860818592e+00 -4.696873140769795896e+00
1.210263014325944653e+01 7.994858805826552839e+00
-2.570453299094120680e+00 -7.236986384052652710e+00
1.475628169383289645e+01 -2.779548519886247959e+00
-1.017694856583802476e+01 1.031728849811607063e+00
2.741265917625767656e+00 -3.712594003440017332e+00
-4.827088534040687051e+00 -1.242830439360857575e+01
2.630516875767625606e+00 1.318077429766386999e+01
-5.776405206218376165e+00 -1.409720992074741197e+01
-1.158462008608383087e+01 -8.387295753464757198e+00
1.348954894835529572e+01 4.606652940923897432e+00
-1.358880263659218102e+01 -4.763266232527794131e+00
-3.023993353224341263e-02 -1.378324494080921170e+00
-4.316771953743428369e+00 1.178688470371075425e+01
-1.450202821194631575e+01 3.249846842093685240e+00
1.648870660768898944e+01 2.045785522996862227e+00
-2.472744787369940411e+00 -3.834333527794033358e+00
-1.040705319375537030e+01 -6.330960973631768240e+00
-5.878960881876668765e+00 -1.050469835862124413e+01
1.368270859430205633e+01 -9.898635950394805150e-01
-7.531630306708409606e+00 6.844875986107751942e+00
-3.305702557646903017e+00 6.659803089164469725e+00
8.437274788240749501e+00 3.877125981784182329e+00
-1.570791537373047220e+00 1.216837648911648984e+01
-1.258411142381495829e+01 2.395644705970845223e+00
1.164892829986111877e+00 -2.495180637561126957e+00
1.544331005667715573e+01 -4.283805295953214909e+00
-1.348619752469198474e+01 -2.583059863655636335e+00
-1.428515282801753195e+01 6.556384862892503662e+00
5.173596140480782424e+00 -8.520665909471967225e+00
-1.139603536272458584e+01 -5.987314897604321118e-01
2.090895517822517036e+00 -1.206496403571505738e+01
9.909130347949819395e+00 -1.270302227702727649e+01
1.040347630060267647e-02 1.284096670433834220e+01
1.180382612971995826e+01 4.825752417329301380e+00
4.564265809881025149e+00 1.389772194956550777e+01
-1.171924237512147826e+01 -1.196530930857296227e+01
8.272572557036419028e+00 -1.174889330592072945e+01
3.829166772352934345e+00 9.708261981625664561e+00
-1.558881404005512827e+01 -2.263345881880470145e+00
-6.690802496633168062e+00 -3.047516949505931549e+00
1.532265038356759845e+01 4.194221985485917514e+00
1.135642828991579023e+01 6.291096889198708908e+00
7.131041737469345776e-02 -3.906702020291122679e+00
-8.482275201923338059e+00 4.078237447722379727e+00
-3.740308132419695397e+00 -8.221994475738133801e+00
-1.574227287069821912e+01 -4.941960624287482062e+00
6.137251009052608453e+00 2.535658334551072812e+00
-1.005378797326734386e+01 -3.392080705264129747e+00
1.638135208141743959e+01 -1.575378755182009982e+00
1.563140587362842382e+01 -6.009431765885247856e+00
1.561318068892358468e+01 4.686838608619581237e-01
-1.023494187574800129e+01 -9.747383223486798087e+00
8.093050523825318976e+00 -2.715832782076789798e+00
6.417348948324953284e+00 -1.290644633962010168e+01
2.625703225699801635e+00 1.485536771755948848e+01
8.670614932366049743e-01 -1.034750441687973677e+01
1.161298921463348677e+00 1.174320461668870763e+01
-1.136139149892400724e+01 -4.227766239455247543e+00
4.924314182319339039e+00 -6.789261141812112044e+00
-4.243051736346659553e+00 -1.406475826803212215e+01
-3.427290749256231450e+00 4.634983373386280192e+00
4.133482048927934471e+00 -1.610999993249131990e+01
-3.014833378441689860e+00 1.083018402184623952e+01
7.888727900392304093e+00 5.571654173906814833e+00
7.817962047543900894e+00 -6.217050632115748598e+00
-7.468439434645034680e+00 8.729758807740896742e+00
6.971742391184321264e-01 1.659456770180744201e+01
-1.110413290565499977e+00 -1.374514295904633343e+01
3.118368291136739856e+00 -1.976211700582382491e+00
-2.327254706618017366e+00 -1.015240048222764102e+01
8.930028176567979870e+00 1.290224344138479751e+01
5.210312486896281570e+00 1.583662429125135418e+01
-9.759692374307192608e+00 -7.928643611668409363e+00
1.280497281659650355e+01 -7.510167653031420087e+00
6.947551126537376831e-01 9.140742549839121267e+00
8.633846672620268947e+00 7.382661408844420237e+00
-1.437642707069637815e+01 1.694301764570990798e+00
6.926255288549931777e-01 3.600094432560936752e+00
7.554753279214530437e+00 -4.378446386686757563e+00
-8.304547779559495524e+00 -1.123185560093117097e+01
1.065701300587152645e+01 1.289263647901638521e+01
-1.882072788576380162e+00 9.621576778440257272e-01
4.036975408378161490e+00 -1.011687494159807166e+01
-7.559656704086167522e+00 1.322491484004635609e+01
-9.045068623734495716e+00 2.581011116023482543e+00
6.573816347044914465e+00 4.686068395262807940e+00
1.350704813017490125e+01 -4.716326830982128016e+00
-1.088131133221199498e+01 2.500841398660131887e+00
1.146981767431895349e+01 2.250305147734675160e+00
-1.587142928029929934e+01 2.556675938228902822e+00
-3.435244744602425016e+00 1.450524439455666936e+01
-5.795805119439277675e+00 1.251365162769062067e+00
-1.329227174774772990e+01 8.891457362203698978e+00
1.050220954289315856e+01 7.689162030163512185e+00
8.163654621876233364e+00 -1.021075720512146745e+01
1.298510161140144703e+01 9.289985356872854538e+00
-4.616173383249392970e+00 -2.867880076411717383e+00
8.951783767123149715e+00 1.009857633078593508e+01
1.988473858473717826e+00 1.038785994097890963e+01
-2.237661655863183441e+00 -1.249191033073882906e+01
3.635763414213208478e+00 -1.314777727726705514e+01
-6.822692658211771288e+00 -5.098001794594802405e+00
-1.078122705576392093e+01 1.275922719368729830e+01
1.464356729754962316e+01 8.014905102346830290e+00
-4.096534296488474780e+00 -1.002817225822589897e+01
1.013215086125290654e+01 -3.446080614475848236e+00
-7.465255876980377181e+00 -1.414187067790385299e+01
-1.356403320410688451e+01 -6.749422900253605917e+00
-1.105185120160250278e+00 1.408561625278931473e+01
-1.105990069730978576e+01 1.036217753458609536e+01
3.011650622514636666e+00 2.258821630913274703e-01
-1.462423812358730579e+01 8.065857242487673773e+00
3.158694752645107684e+00 4.520743431314574678e+00
-4.752574643016028944e+00 1.330281138779411876e+01
8.221565082792473333e+00 -1.331023184050977548e+01
-2.644795524605214609e-01 6.332820031504073910e+00
-1.374606265127862414e+01 -8.861230772861151905e+00
1.251269514832328866e+01 1.149244216001818586e+00
-5.811344382896981742e+00 6.742068837546369764e+00
7.488462068211738654e-01 -8.671848933621584266e+00
-9.363316743311145274e-01 -1.085787582424611841e+01
-2.536086868683318230e+00 -5.700279163667950399e+00
2.338210075116325726e+00 -1.637639079217295901e+01
-7.472317857283524489e+00 1.482827440546652298e+01
-8.179003607967203493e-01 1.671357545111537490e+01
1.244193676630333556e+01 -1.078149532064725058e+01
-5.027115033582255421e+00 4.206604651081725876e+00
-6.077880838029804167e+00 1.209918728983005565e+01
-1.017793359660553065e+01 -1.127387241229368087e+01
8.884477629333538573e+00 -4.206897769308035606e-01
-2.328158995552268351e+00 3.214270188864084332e+00
-1.162283045722456620e+01 -2.504354788229854023e+00
1.097221052229709315e+01 -8.006126609938329253e+00
1.787998101542711993e+00 1.171107523976058218e+00
-1.143114787410802080e+00 -2.916170443328955031e+00
2.739869644874563193e+00 -5.577586610911561493e+00
5.800616398869848922e-01 -1.385577921243422495e+01
