# Antenna elements layout
# Station label: stn.470.S16-6
# Number of antennas: 256
# Station diameter: 35.00 [m]
# Antenna minimum separation: 1.50 [m]
# X[m]  Y[m]
1.104256407902131443e+01 6.880614653845245954e+00
5.073263974106225760e-01 7.114015781900587143e+00
1.387107719213976864e+01 3.960555648286835151e+00
1.506343207502588655e+00 -1.147066910551529695e+01
-4.238191418131695087e+00 1.504552891776739187e+01
5.866963673223576592e+00 6.992644513748793145e+00
8.718303061405489274e+00 -5.997300788242393210e+00
6.868327435099985223e+00 -1.381297846974184829e+01
6.840695177668536076e+00 -5.108427645249278726e+00
7.222900039127999605e-01 1.402551960062414338e+00
5.730884609764927973e-01 1.508099837163784684e+01
8.573688387330641092e+00 1.058767741379799787e+01
-2.634759381081360985e+00 -4.378850049900083974e+00
-8.177233359345347452e+00 2.780143239800096921e-01
1.099608015972069808e+01 4.753137805845337738e+00
-1.172622952421666653e+01 6.470677355069064163e+00
1.049408582237067478e+01 1.284687897505762066e+01
1.160835506340280432e+00 1.310102571302018859e+01
-1.209585968525135335e+01 -5.749994109764816841e+00
9.165602622171039826e+00 5.444872168450480387e+00
-6.999039276587964764e+00 1.366250860728122518e+00
-2.614187434905641538e+00 -2.400660516926294008e-01
-4.344892034329586039e+00 -6.801945677495032427e+00
2.098164778497608296e+00 -1.517761957473743806e+01
-1.681411472559869225e+00 1.535677127671991116e+01
-6.735635192054967746e+00 1.511834185299430544e+01
7.470322410832853421e+00 -1.166023032934386805e+01
8.852630180728905174e+00 -2.915375165650551992e+00
8.333814636016629862e+00 1.409590993948448201e+01
-2.277572920048001492e+00 -1.535817675079071876e+01
-6.392039291427078496e+00 -5.121003105719184489e+00
-6.065961082896874856e+00 1.087939779010718766e+01
-1.039285816186531974e+01 2.931136294104746298e+00
-1.198052080576605505e+00 -4.923487807754947099e+00
1.329363250462019508e+01 1.116928526743926398e+00
1.198999307053828289e+01 -2.543959166176845699e+00
-1.131676945776324494e+01 -1.070301484035739037e+01
2.040325855478187123e+00 -5.716841977362154381e+00
-1.130843192476008419e+01 -1.528280512055873785e+00
9.701791522161787640e+00 -1.177082621254606210e+01
2.384774788036793325e+00 9.959819367087909825e-01
4.690912058451552014e+00 1.385564658674999450e+01
-2.913077341896771699e+00 1.421996887967312162e+01
8.542459564027229391e+00 1.373828718056095965e+00
-8.268605630990908395e+00 -3.683061518443153659e+00
-1.480479239724912688e+01 2.399450056436226220e+00
-9.094156441116627576e+00 -7.504665084578553191e+00
-8.965641207589104766e+00 1.022553329649286624e+01
-5.024808330013641466e-01 1.005331568977636536e+01
2.326047013490590842e+00 3.713937837831309707e+00
4.627724417590034278e+00 3.541826147821769410e+00
-9.850791161006002383e+00 1.092119457393845749e+00
9.231626767297733238e+00 7.774129941032505542e+00
-2.687894061984708927e+00 6.731467252408616986e+00
3.099422222414286665e+00 1.633144176019810345e+01
-9.141604863274622517e+00 -1.255576971790070751e+01
-1.591864380136967760e+01 4.977334880231374825e+00
-1.339479236533908058e+01 -8.876007076090782988e+00
-1.865971851595217501e+00 1.102023780196434544e+01
-5.125172770921887277e+00 -1.028868324001996726e+01
-6.798762262798476286e+00 -2.718831229474048428e+00
-4.584180261563471248e+00 8.544371484955640028e+00
6.721912070156353280e+00 -2.598978386627733173e+00
-3.461143598183014092e-02 -1.346251958165457552e+01
8.012553904938343408e+00 -1.529240921862289326e-01
1.336669613683635660e+01 -4.468865518949826310e+00
1.175098092289194440e+01 8.272625263906856929e+00
6.940864474057857336e+00 -7.558423850078760609e+00
-1.227259459713247836e+01 1.045877055679073209e+01
1.232947948326348708e+01 -5.475845163422192741e-01
6.516067411695537714e+00 1.368712749927382433e+01
1.344794507270350437e-01 -5.976942517386582665e+00
-6.399303115376229201e+00 7.167251090238998756e+00
-2.731989730201755506e+00 1.259051601338250848e+01
1.559198825111125331e+01 -4.895672303821880789e+00
-3.849915229170159492e+00 1.132470444660548736e+01
-1.164630250468407446e+01 4.286607258836216516e+00
-1.632381618682318347e+00 -1.114604970479023649e+01
2.704309707428784293e+00 -1.345655256592541882e+01
8.692818833621426933e+00 -9.465681359163127695e+00
7.385891560185292803e+00 4.738360681578740241e+00
-7.076713650366844632e+00 -6.810382946823844819e+00
-1.231499350239241330e+01 2.842000927435869073e+00
-9.719028911340434007e+00 -4.253654844032270788e+00
3.947673747060640892e+00 5.068217360117024839e+00
1.159457129780553331e+01 -1.041465596215441991e+01
-1.855221809356400797e+00 4.807886758524006154e+00
4.489432335334885948e+00 -1.292531126751797288e+01
5.677159738200980854e+00 -1.196036392711982188e+01
3.720981102966156584e-01 -1.558138317123231076e+01
9.764914622331062333e-01 5.446792227027923872e+00
-4.851436060624404689e+00 3.365426771403054573e+00
-9.809272704498475548e+00 7.038003745755894158e+00
-1.237120925738247301e+01 1.053961098962830079e-02
-5.260410057306163623e+00 1.041793862264590587e+00
-1.404436971879149532e+01 -7.317229550576309194e+00
1.613186965668125339e+01 -3.209558230069527340e+00
4.028591224378846647e+00 6.838200400093061404e+00
-9.864741216977250815e-01 8.012209556994214665e+00
4.867803814780380378e-01 -2.846391048845022809e+00
1.611290975458648234e+01 5.387272837119176927e-01
-1.825258711317125915e+00 -1.366132429195405606e+01
-4.785764496838396553e+00 5.335663191325362931e+00
4.621097405954952109e+00 -8.364354215330205733e+00
-1.049051201386878418e+01 5.607755379198327006e+00
6.567515349550962611e+00 3.333124906719906022e+00
-1.045206569258809282e+01 -9.190453556259821966e+00
-4.617161203487023968e+00 -3.859213429161950870e+00
-1.056557508959402725e+01 1.212596183105815939e+01
8.146300345446491065e+00 1.258933119102158926e+01
1.045393613380867848e+01 -8.672433478112823835e+00
4.511353309317524207e+00 -5.394395488098703950e+00
1.479762593928994363e+01 6.340849264120024031e+00
-7.510105378862578007e+00 5.352613185569676801e+00
-3.320452296807122394e+00 -9.489501734046504211e+00
1.135791039094405974e+01 1.026736044608679777e+01
-1.445265887404449501e+01 7.194887797901579063e+00
-5.493611256755805528e+00 -1.412595636187936776e+01
1.320516367684151859e+01 -8.832179060035622697e+00
1.029009587369621315e+01 2.982798490282618786e-01
-1.314642234949628019e+01 5.229457106401959265e+00
1.392484081351653558e+01 9.232451588004295218e+00
-1.124440818714234069e+00 -9.614168772318503642e+00
4.762087927102488294e+00 -1.076391224959212956e+01
-1.265873148907374457e+00 1.781999069910586542e+00
-1.599755428950082958e+01 -8.655153848495977797e-01
-1.650490562633513036e+01 2.728099552577141651e+00
-1.184619225291571709e+01 -8.262905287070330118e+00
9.758762056317344502e+00 2.475503205884081126e+00
1.245555406252778852e+01 3.029535659831381622e+00
1.559944175239069608e+01 3.722511069995317001e+00
7.211113915378923878e-01 -3.807094103841279775e-01
1.975590949355293446e+00 9.362222391195299309e+00
-1.441716401621267174e+01 -1.226824803632514005e+00
-9.343778915739378021e-01 -1.039244026034729984e+00
-5.271062012440738798e+00 1.304565947075225907e+01
-8.372524578740550893e+00 -9.195584107919906103e+00
1.244712379565753224e+01 -7.392007871015362497e+00
-6.267079020043512472e+00 -1.256884519116098886e+00
3.401376132779798667e+00 1.033173864108912454e+01
-9.683088208079873027e+00 -1.070923570332686836e+01
4.658600247601007993e-01 -1.000712623134296919e+01
-6.785054030326758578e+00 -1.070458565159403364e+01
-4.265028434321814998e+00 -1.985916624277521692e+00
1.100526937611197553e+01 -6.872592422824366665e+00
-8.780073880026090904e+00 1.352488584214190936e+01
4.658164007964764153e+00 -1.452321410164337934e+01
4.998303150484794344e+00 -7.226353376191632094e-01
1.591484957477753426e+00 -7.870144206160709643e+00
6.098174961384319914e+00 8.803369878297417017e+00
-2.914403278418744137e+00 -7.933271230596762535e+00
-8.838881194515261441e+00 3.516982365020211887e+00
5.042849439527625321e+00 1.992521606498502962e+00
-8.647861130756584913e+00 -1.830040318195370830e+00
-6.326867128121826056e+00 3.979443411297147293e+00
3.619637098753752724e+00 -6.634781763669229449e+00
-8.319205928746900014e+00 8.134877554751692941e+00
3.189684621701299960e+00 -1.995214618010731300e+00
-8.422016914882561878e-01 -7.430613354038699825e+00
-2.867403460507588875e+00 3.151035535942547483e+00
6.857653766736053313e+00 1.039967227123333515e+01
-8.661559414916304434e-01 1.323817997702148830e+01
9.778956424148745441e+00 1.148749175055644045e+01
6.601967585039826503e+00 9.097896413865242948e-01
-1.657013975675660333e+01 1.190931463649405941e+00
3.441493908639749577e+00 -1.173662044488358802e+01
-1.419408317842585632e+01 -3.196135756158739127e+00
-2.727693015020641099e+00 -6.329644752208150038e+00
-1.396089249800384557e+01 3.947595804776323547e+00
-1.520744392533570633e+01 -6.311609253795655405e+00
6.344573986394479448e-01 3.793957477136803647e+00
1.442505850986340832e+01 -6.501986017384171035e+00
7.696429344976166931e+00 6.688326248440695565e+00
1.357582240339663926e+01 -2.002186161053987945e+00
1.225445365697045474e+01 -5.806422853655526239e+00
-2.437509714206536060e+00 9.525410729791037312e+00
-6.623762051410526652e+00 -8.892385011392844874e+00
3.447287662926470375e+00 -1.774817387709859418e-01
1.426877722069407994e+01 -5.728752857925059061e-01
-1.430096980947542562e+01 4.076868698399529478e-01
-1.540540099761249060e+01 -4.287788468040533374e+00
-3.110326731492241592e+00 1.196419980872740041e+00
6.303419862502920523e+00 -1.522633807420259444e+01
-6.965033622360573773e+00 1.273065586299558660e+01
-1.234632037927941894e+01 8.447893217763933649e+00
3.941473389893470625e+00 8.475405823792986126e+00
-1.300928595124507581e+01 -4.558580241242745856e+00
2.226814250398138739e+00 7.523785815878202499e+00
2.810000986265183798e+00 1.412264994564170451e+01
-3.800867629036174478e+00 -1.348576632462031988e+01
3.206812190835997001e-01 1.132666389796334272e+01
1.008840960711047074e+01 -1.905362338595054439e+00
6.266209545321380858e+00 -9.453234707950384674e+00
1.477557485957090933e+01 1.729327975933522055e+00
-8.613676773418850630e+00 1.180775967299162588e+01
1.090469580419168238e+01 -3.661066203004242681e+00
9.242921252954339195e+00 -1.335268323149182557e+01
-2.038133911537624243e+00 -2.758545130034422144e+00
9.658115557060199308e+00 -4.511649227038676102e+00
1.241966171940779873e+01 6.268617312548407483e+00
-6.612682202341895632e+00 9.359798251943793446e+00
-1.267212145582483274e+01 -2.806602892115149572e+00
-9.957240673017341948e+00 8.983858154466666690e+00
2.481697267764577219e+00 5.506028641179057104e+00
-5.412979269630438850e+00 -1.195574129917872597e+01
-3.956698669827755310e+00 -1.506407097762610903e+01
2.571820576866578278e+00 -4.007337232026776164e+00
-7.109279815748497100e+00 -1.418965201884210536e+01
1.152425319529386982e+01 1.326541576087457486e+00
3.869958764826915143e+00 1.218166061799716360e+01
-7.524231725268872850e+00 -1.218518596643264651e+01
5.400797706106935436e+00 -3.967248778831976352e+00
2.812604939595541254e+00 -9.189406767954807265e+00
3.606815383173763934e+00 -1.613672163989757991e+01
7.748243352035462550e+00 8.637012130313078018e+00
1.649764774630425990e+01 -1.197711750492988614e+00
-8.573088379192922659e+00 -5.437190353696852441e+00
5.504537214866225270e+00 -6.975842403517024337e+00
6.593593326080853245e+00 1.532199213046187936e+01
1.028156380014284110e+00 1.657367964667398752e+01
-3.811712315748509994e+00 -1.185485106932049248e+01
-1.016421063267583769e+01 -2.593306440350380271e+00
9.775079883403655856e+00 9.358223019731799042e+00
-5.721734490456498179e+00 -7.506029902954997723e+00
6.655900291885714637e+00 1.198888585119351546e+01
-1.547876551133044032e+01 -2.365803050571411603e+00
9.460414156434080013e+00 -7.493005129926881835e+00
1.092752526326740892e+01 -1.267478016382875339e+01
4.771705682126071935e+00 1.543983805955069499e+01
8.123204154014214140e+00 3.384566498571555115e+00
1.642376957288686867e+01 2.154264306467663204e+00
-9.965672639123681620e-01 3.459167301750369461e+00
5.345683011055168521e+00 1.112123230058431744e+01
-1.088179559066260005e+01 -1.223989122344167946e+01
9.623384050433720915e-01 -4.603462975409382096e+00
1.295344547709108340e+01 1.057313240872187876e+01
-4.392730422389515610e+00 6.785598367623055793e+00
1.319880615897251275e+01 7.849980863992971791e+00
5.444339351354926748e+00 5.495446087917045475e+00
-9.187699722625275456e-01 6.074915738777558971e+00
-1.054876865692936860e+01 1.041016803457754492e+01
-7.452743089576733482e+00 2.859648026583474945e+00
-1.356499398842362147e+01 9.391616273680483573e+00
-4.430702435782547965e+00 -4.526078846992405147e-01
-4.729100901610188146e+00 -8.653784030616726852e+00
-1.267132807041502218e+00 -1.662522220931915484e+01
-1.147371180165336924e+01 1.548214505808022778e+00
1.468007181605436529e+01 -8.058686997173914790e+00
6.646711276126026746e+00 -1.010685691253144114e+00
-1.102671562851687348e+01 -6.954816045145605585e+00
-1.128352951796215287e+01 -3.840783089020185059e+00
1.609281488827519979e+00 -1.763162442879551151e+00
1.439473779189055946e+01 -3.339461736178513718e+00
-5.869892161418913901e+00 -1.564850117689921483e+01
2.361090654190867610e+00 1.188705120951370020e+01
5.147814244236599279e-01 8.708738091004398996e+00
