# Antenna elements layout
# Station label: stn.414.E14-4
# Number of antennas: 256
# Station diameter: 35.00 [m]
# Antenna minimum separation: 1.50 [m]
# X[m]  Y[m]
1.235111726358822537e+01 -4.086661572575458479e-01
-4.513266964468872544e+00 -3.059103049411902475e+00
-6.577918211501783574e+00 -1.016770940404981260e+01
1.531996185198067906e+01 -3.467237471736494214e+00
5.265572931195091400e+00 -1.429331508500422387e+01
-1.499449102622598673e+00 -1.950494606265806397e+00
-1.035651542336148623e+01 4.262307474198021140e+00
2.325973401358858439e-01 3.014050404964951468e+00
7.248970892049154457e+00 5.698582420474682664e+00
-7.550491483773091872e+00 9.146244594955952323e-01
1.170400682707844808e+01 -6.194501778520457691e+00
-9.350829793616650676e+00 8.921590954416274144e-01
-1.373803344368189627e+01 6.855527023644288676e+00
2.171103958510339993e+00 4.034895524386179488e+00
2.855657136573142907e+00 1.010774317576646197e+01
8.903301536326978294e+00 2.894430084227217037e+00
1.627411612084576831e+01 -8.975956699605163180e-01
-9.080742605381976418e+00 1.058813919686038929e+01
1.046905437934178451e+01 -1.078383592833728244e+01
-2.253135726611496636e+00 1.604360914664147941e+01
5.735833361121212448e+00 -8.701275548888714795e+00
4.399764873850205760e+00 -5.253168308805200581e-01
4.555202730235102138e+00 1.055631726971253670e+01
-8.290115204669319837e+00 5.597924712806083392e+00
7.210328668114751594e+00 8.023176994371198134e+00
-8.875804143264758750e+00 -6.298048944355301160e-01
8.893194691162157994e+00 9.346382103599822244e+00
1.229506035818643994e+01 -4.279702930162624597e+00
4.136360861358667762e+00 1.356047596796950572e+01
8.000505970309504278e+00 -7.449345502872290581e+00
2.041899123038042774e+00 1.242805596571436411e+01
1.477353806342390641e+01 -2.016881606401677018e+00
1.354687112004944183e+01 8.854254687258503509e+00
-4.608099521921612762e+00 1.424511656519023006e-01
-9.451540067387043109e-01 1.322015873967628607e+01
5.339157107368823318e+00 5.161564611661063395e+00
-6.403787934426574679e-01 -1.339635364731321943e+01
1.524152967194644503e+01 5.761984171949503519e+00
1.217642186693218065e+01 4.805035879665762621e+00
-8.872025177982688859e+00 -4.405677782641310714e+00
-1.614365362629999012e+01 -3.859855199323259711e+00
1.345748833471205330e-01 -6.496231498133223425e+00
1.950561112709415568e+00 -2.901417229205293324e+00
-1.314303940661716297e+01 4.026372112205116593e+00
-5.700002136138476061e+00 5.228063136788250631e+00
-3.011142723933287968e+00 -1.197489147894667383e+01
3.150102983201307438e+00 7.251870518667832499e+00
-1.429111657470618546e+01 -1.748877247649552658e+00
4.733235057985929473e+00 -5.859026564255064073e+00
-4.512455242948925971e+00 1.479260202806990065e+01
-3.156584360767126896e+00 -1.094020229834033131e+00
4.805026745451357328e-04 8.514456082890475841e-01
-3.905355196938311124e+00 8.940931578478966912e+00
-9.657683815832092122e+00 -1.328748626782002162e+01
8.562077492913250154e+00 -1.415198257031700813e+01
1.015095354636847702e+01 -1.245713246766987581e+01
-3.842822942958319388e+00 6.973513221785665905e+00
-8.410835003099625951e+00 -7.330393333772848408e+00
9.489784316541534537e+00 5.715702390341299122e+00
-2.190705053885482201e+00 7.734162603205525954e+00
8.439578919143869484e+00 1.103275694556423758e+01
-4.874043608922482562e+00 1.236467105747139428e+01
-6.398870209782510088e+00 7.948555209326720217e+00
-1.869688891165750988e+00 1.600740301610624527e+00
-1.602034663490508493e+01 4.693533614835320833e+00
-3.712387491122569827e+00 2.122751733156050591e+00
3.861795038626731014e+00 -1.335545289704696081e+01
-1.138844747931435464e+01 1.114923121271938911e+01
-7.296541975557243376e+00 1.321058787893961650e+01
7.559956935677877965e+00 4.475477663100591030e-01
-5.110567620418596135e+00 -1.471063929761935896e+00
3.033201702755938811e-01 -1.189917119081639285e+01
-1.120564380613467215e+01 -9.603848581677722152e+00
-8.009113693828275871e-01 6.760806265903767098e+00
-1.207564002691016469e+01 5.866316026102364134e+00
7.753367822666294984e+00 1.280557546208390107e+01
-3.196040262177813673e+00 1.266292142234030393e+01
-1.622325159443716558e+01 1.281605867798575105e+00
-1.260038263323835039e+01 -5.972734888461033620e+00
1.045089768112745077e+01 -1.271136969989502319e+00
-4.235966031055006908e+00 -1.565460929712013893e+01
-5.221455609373515827e+00 3.385267982253278518e+00
-1.391129549820016109e+01 -9.118635422594632445e+00
-3.477933890204770506e+00 -9.875299770807627553e+00
7.651912758772848377e+00 -1.204257981823598200e+01
1.665946823884751637e+01 1.448576746608978283e+00
-9.015557990365675067e+00 -9.094166728163797231e+00
-1.293612879284982853e+01 -1.046405158702092564e+01
3.421785526518092979e-01 9.649561821926113225e+00
1.480169507105288318e+01 7.665016785997806892e-01
-1.084668269329339907e+01 -6.526530571827636962e+00
1.147712180207726007e+01 1.121117672472932014e+01
-1.063765997245752004e+01 -8.203651041996236515e+00
1.008816204286385343e+01 -8.714233001582693205e+00
5.378700034849337897e+00 2.490372925195643461e+00
5.280983820363903902e+00 1.244392721476233632e+01
1.331372905529413231e+00 -1.620337197463361179e+01
-1.091432707695927817e+01 -4.451036393449998130e+00
-6.517756680450387918e+00 -1.308277141811971056e+01
1.336698687592210888e+00 -8.921712797274157225e+00
4.422813121409809867e+00 -1.094230407094076973e+01
2.214373831509035995e+00 -1.384788024440847920e+01
3.384018616548001290e+00 -3.990787125731127816e+00
1.348534305946354195e+01 -5.290470291173749118e+00
-5.020531499450434865e+00 -1.274553007680123251e+01
-2.343945121781811025e+00 9.623409619260812065e+00
-1.986950582247919428e+00 1.443993628258515116e+01
8.141326982919501631e+00 -9.569918296463633567e+00
-5.676167880450812220e+00 -1.501517754391964310e+01
-2.780968784934717775e+00 -4.726761577540283810e+00
1.045390008999830656e+01 8.610799549611240167e+00
6.359530756803220441e+00 1.500737984590782759e+01
-1.366617170834383721e+01 -4.382320674355023371e+00
-2.167111812257086711e+00 4.372442132928096470e+00
1.211928092344539820e+01 -8.303163682696615311e+00
8.323720550328459922e+00 -4.644722948231013504e+00
9.235866284489453903e+00 1.365826126024670373e+01
-1.182797737722712128e+01 9.412511237427448663e+00
1.052259756127529755e+00 1.439516814437399006e+01
-1.119864822428908724e+01 -5.974061001285377870e-01
9.213964198626523938e+00 -2.811626866901592692e+00
1.411334951608154142e+00 -1.042438114896761370e+01
6.442365950176828449e+00 -5.835947588606874348e+00
-2.811054497973582755e+00 -1.464984721319207317e+01
1.085377766946533029e+01 1.259914590805536250e+00
1.413822351178842140e+01 -7.644587946317454197e+00
3.355402068523574144e+00 -6.913587009354348112e+00
5.461560164251221039e+00 -2.368694420346841412e+00
1.818650648782536905e+00 -1.186978404353159000e+01
-1.039429071563030504e+01 -1.122702137355473795e+01
-8.202589425001612256e+00 -1.212484325589374734e+01
-8.990716534881821431e+00 7.241716532717585864e+00
-1.626075792063490510e+01 2.954717772134767273e+00
4.165095836466417012e+00 -8.641080238892614673e+00
1.221274063274341160e+01 2.073211196833856462e+00
5.556982088484225812e-01 4.970427821592878104e+00
-4.782274161269238988e+00 -9.046158594660981933e+00
-7.274429915897828280e+00 -1.405605633466553428e+00
1.398598292071217131e+01 3.411102468648714137e+00
-7.436423717118037402e+00 -3.072915709917966254e+00
-9.770123427660227122e+00 5.898158204935388227e+00
-3.496964367836328691e+00 1.071658039291368070e+01
-5.517840972756287599e+00 -6.373714022211659724e+00
-7.088169272402973675e+00 2.995525580425230316e+00
2.694212602915463606e+00 -4.869109028074838363e-01
1.092131477763028968e+01 3.073068499258113206e+00
-3.692495253310598358e+00 4.084217081115173897e+00
-7.178952678426492540e+00 1.510272917021114836e+01
3.367274319540737082e+00 5.069007886879102642e+00
-1.032507492278188188e+01 9.073673145009312435e+00
2.424747076855737760e+00 1.086081468986989762e+00
-1.319589309296672575e+01 1.751375533846047716e+00
1.570021500353125532e+01 -5.068426627234902782e+00
-1.638201448566597662e+00 -7.987369265643923910e+00
-6.811128924017758379e+00 9.589119684884547468e+00
6.500281960299442829e+00 1.023797904257146030e+01
-1.473305856660663693e+01 -7.345557749797283265e+00
6.119821115973262948e+00 6.745027204627806583e+00
3.446114229821489516e+00 1.530282342644198224e+01
3.376212699082842050e+00 1.151498022647625419e+01
1.153950146405701460e+01 7.397793908820627706e+00
-1.237544475922951293e+01 -3.230016234095486993e+00
7.561663735912699025e+00 -2.163658160518956208e+00
5.812870057917834288e+00 -1.259208706731348570e+01
6.870979821127892961e+00 -1.038433844364609193e+01
-1.069607220331967312e-01 1.151906612277799979e+01
-9.168846698790050098e+00 1.314707374078255242e+01
3.744403633990316393e-01 -4.657967889950256790e+00
5.257217398815612341e-01 8.003043421432337823e+00
-1.883634317802389546e-01 -1.634606697095424721e+01
-1.357543783087344025e+01 6.721343959920034195e-02
8.227718781414488092e-01 -6.038466207506480998e-01
9.821698955704633249e+00 -5.355859935066860089e+00
-3.529825984431001373e+00 -6.959342607001072878e+00
8.900419904125818960e+00 -4.452972204735452522e-01
-1.600531438904523895e+01 -1.283205027267765530e+00
-7.432220019386930332e+00 -1.446126693923507034e+01
3.503934512705555449e+00 -1.541096403576717400e+01
-8.784307272398880428e+00 2.641162452336686783e+00
1.791984059692687481e+00 6.178361680634822051e+00
1.282593512425877691e+01 -1.004174803373118507e+01
1.343550660773818350e+01 6.670767674973276939e+00
-1.321661479888106250e+01 8.688487634570677187e+00
3.553149049263975456e+00 2.238709629787749122e+00
-2.040622284182251889e+00 1.163823918486346187e+01
6.762852097788140782e+00 -1.475007012795236960e+01
-7.552629114826032719e+00 1.137909305818060801e+01
5.687603558692771344e+00 4.637869519850035260e-01
1.076908869429441040e+01 -3.453365116855438899e+00
-5.797108405260051001e+00 1.073938854873042104e+01
-1.512216416139787967e+00 -5.542154045002764207e+00
-8.174720327733409064e+00 8.620902607568631026e+00
-1.084628285320661689e+00 -3.963300062856054851e+00
-7.077743341948993461e+00 -5.753585555415835273e+00
-1.182864067513240514e+01 2.948110120146900215e+00
1.090376064469467110e-01 -1.939319393433510896e+00
1.341242655891722535e+00 1.094105428223556942e+01
1.326755894512932343e+01 -1.760985650724215645e+00
-5.218472882354976861e+00 -4.656336849778645259e+00
1.625564691545066154e+01 3.713067624094506414e+00
-1.462107526338791885e+01 -5.761990079078058713e+00
-1.799188070213977753e+00 -1.653311659903404163e+01
-1.532788495941792917e+01 6.473138460437258601e+00
-6.453989877003582620e+00 -8.421028196539491972e+00
-8.741169515975901305e+00 -1.068978773336752575e+01
-1.485488380916883955e+00 -9.965053756662015871e+00
-1.274209639259897386e+00 3.093531627114813887e+00
1.053941316719596699e+01 -7.155851339703552583e+00
-1.244029125266865776e+01 -7.776891682195804734e+00
1.058708805130003938e+01 1.266124070885696540e+01
5.174838929480031879e+00 -4.026209216706062577e+00
1.473690770822697971e+01 7.739006714934465236e+00
-5.508046497662524743e+00 -1.127425881935574381e+01
-5.723114671942335363e+00 1.229890101639583122e+00
-9.743603010123358388e+00 -2.628775217164792011e+00
-1.268498806862058359e+01 -1.425348847073344416e+00
-2.846006135216983424e+00 -2.858410720814088535e+00
3.831918480921505221e+00 8.839279649552125306e+00
-1.485337816875039429e+01 2.046966139752168345e+00
2.159016192808458356e+00 -5.452724447495320703e+00
2.026608731468243718e+00 1.606121374849649186e+01
-2.009789832328722881e+00 6.247770680147368694e-02
1.813183201431023406e-01 1.564147204230197019e+01
1.009290576704945863e+01 1.060174874633429454e+01
7.843145715743794710e+00 1.438474327914694229e+01
-1.086364703118160691e+00 -1.500053504991947229e+01
-1.338674179817186172e+00 -1.164642542427104033e+01
-1.143840754302609319e+01 7.229516308362189392e+00
7.251192169664491871e+00 2.375474824651103489e+00
8.910970374389254545e+00 -1.122576433450381472e+01
6.732563607309923981e+00 3.886234217674243041e+00
-1.164772566710080071e+01 9.113754176354085246e-01
8.351188485751936952e+00 4.412660534131447321e+00
1.358215471578744271e+01 -3.405505103411003986e+00
4.651254553911083889e+00 7.461588045536089453e+00
-1.466938113114144571e+01 3.660418337925086973e+00
9.247491446712068353e+00 1.342326651359201151e+00
1.178794556895702073e+01 -2.132865194362084438e+00
-5.433557075647145851e+00 6.767835972738787120e+00
5.685862601399268357e+00 8.699345503503508326e+00
-8.982338275439865072e-01 8.783516487948222817e+00
6.131158715620777855e+00 -9.933463095179391189e-01
-1.289561762007113543e+01 1.064233319136932820e+01
1.276203858058462259e+01 1.019924477372799032e+01
1.535435807599367308e+01 -6.639626542421792621e+00
1.391131778978787636e+01 4.917606713024316178e+00
-6.048164902255692255e+00 -2.887430399122266067e-01
5.418794345412354829e+00 -1.584183360152925779e+01
5.486564136947649217e-01 -1.445963191322085528e+01
8.334339858745867247e+00 6.911713485181270045e+00
-1.029744278268918656e+01 2.071419223414338262e+00
1.168413202106892967e+01 -1.182095514310097251e+01
-1.420246164210490214e+01 5.316812624239457108e+00
-2.148533489915076089e+00 5.917241638409802107e+00
1.807695916258207802e+00 8.903961700106695076e+00
2.956694373500209139e+00 -9.620541676793823882e+00
