# Antenna elements layout
# Station label: stn.451.S13-5
# Number of antennas: 256
# Station diameter: 35.00 [m]
# Antenna minimum separation: 1.50 [m]
# X[m]  Y[m]
1.243715617590977374e+01 -2.932382589789266802e+00
-3.227892445722808645e+00 8.339576723624407606e+00
5.806525117153569227e+00 6.574215840778023789e+00
-9.418747434375802641e-01 6.449059559491498561e+00
9.066194417749137813e+00 1.720000307515928029e+00
9.089695396589213772e+00 1.050177005900378191e+01
-8.670470897920457887e+00 -4.517062406084512816e+00
6.654667940607424725e+00 8.383407775426544362e+00
1.012956477426017798e+01 -1.274295734519183654e+01
-9.708332411861652744e+00 -2.363082039995939354e+00
-1.448312072010683238e+00 1.462068174175492175e+01
1.212949776339794283e+00 1.221462341342832758e+01
-5.928357823572909524e+00 -1.291179498904478073e+01
1.240166539919943745e+00 1.041538182120800826e+01
-1.210297523491093052e+01 -6.935709977131528703e+00
-1.849203361337181661e+00 -7.494410245648197133e+00
-7.840828717151406835e+00 9.534814574393912778e-01
-4.662242910236251703e-01 -1.533165239677096636e+01
-1.346058449734120543e+01 -3.382235322826652180e-01
5.612481744580918530e+00 1.873232092300469276e+00
-3.624323360963741081e+00 -3.471864028038821104e+00
8.817298377588983271e+00 -1.840179248678195378e+00
3.713167459615817734e+00 9.861956629279404751e+00
-4.734499460157126194e+00 1.734201943873351581e+00
-2.199213344049171681e+00 1.202486058155560045e+01
-8.969165438861246287e+00 -1.304928178638157377e+01
-1.381494105338207135e+01 -6.957141110773125803e+00
-4.116466682565096846e+00 -7.622583168864384362e+00
2.716684319504878431e-01 1.376234810531770236e+01
1.442789603691096545e+00 1.516765878767606779e+01
1.171775016718227747e+01 3.698641003526908833e+00
1.448453825466079792e+01 3.099273687729489524e+00
-1.098527510210119118e+01 -1.111529011784678467e+01
1.593648360582704981e+00 -1.325141025387613070e+01
1.070756476590464246e+01 1.066668909307037438e+01
3.915947211224676039e+00 -1.211117917103267594e+01
8.724257087678054745e+00 -8.854627748128949705e+00
7.218707622135312363e+00 -3.726873883769934892e+00
1.419863805539715784e+01 -4.616189848528927442e+00
9.870296731129112544e+00 3.867407997331568481e+00
-1.560786871105681151e+01 -2.826125264139353277e+00
1.225042981036354206e+01 1.022428137834114636e+01
-5.392334371654447622e+00 -3.995388914505058509e+00
3.093089133756443232e+00 6.324401048355056787e+00
-1.091590678258189229e+00 3.358376146731657741e+00
-1.135041277801469661e+01 4.073237811296984034e+00
1.270262035779115450e+00 2.206279719362136404e+00
-6.927332687683268375e+00 -8.798833242708502311e+00
8.740347174653290807e+00 -5.092023870749461167e+00
4.515588408858544511e+00 -1.354783689531222457e+01
-1.221451603372712391e+01 -4.899702926715788109e+00
3.090232353347875716e+00 8.277679327091259864e+00
7.418384356475808517e+00 4.444402896107920498e+00
-2.704329008014102698e+00 4.772594185545958823e+00
-4.268212559198616418e+00 -1.656615376559965824e+00
5.295583572160420971e+00 -1.028519376031951360e+01
-6.376597902129823581e-01 8.927844640570391732e+00
1.158780247244947148e+01 -4.259284209136023236e+00
6.139436942946275622e+00 1.163007779319304547e+01
-3.755188158288902400e-01 1.609662995161723842e+01
-4.152636691122392421e+00 3.909672171968043841e+00
-3.054642024932658018e+00 -1.219497827390195077e+01
-7.389852638424022402e+00 -3.699522861422771314e+00
-9.413644875882466678e+00 4.957517865103188370e+00
5.643983157359258485e+00 -1.889462943297711917e+00
-2.375189265309302300e+00 -1.471872215460902567e+01
7.008925913050873646e+00 -1.164864449853565276e+01
6.062850595299945411e+00 -1.426924964544124563e+01
-1.359112859064749657e+01 6.682158169403265902e+00
-4.969895989387801194e+00 -9.310609301066307353e+00
1.099009639855138332e+01 -1.033465156993454670e+01
-7.538514803982700130e+00 1.324781136219757371e+01
-4.892631106703776211e+00 -1.565038585407746830e+01
2.763166233314009901e+00 -5.330888920382401253e+00
1.553416375336063737e+01 -6.220328897416708358e+00
2.994221118981084118e+00 1.545691471734338762e+01
-1.285741933498825063e+01 5.225741048990325766e+00
1.654869415895712592e+01 -2.666685284903635988e-02
-8.386294680548246561e+00 -7.657459605619330034e-01
-1.138289294710014232e+01 1.106526561934446562e+01
-1.114177291192894614e+01 2.183583754935668253e+00
-5.066118511294037674e+00 -1.112516248395085938e+01
9.678001921071199831e-01 -1.597072586882231704e+01
2.805265862850976788e+00 1.156615415432225547e+01
5.671547187709851556e+00 -7.129113719234533519e+00
3.612299442947115580e+00 5.482236646959925963e-01
-6.464310818485031973e+00 -1.454417894915084730e+01
1.361793510329324164e+01 5.879799320832766796e+00
-1.174434577930427537e+01 6.866777279428440295e+00
4.635593950718966738e+00 -5.317189146454312620e+00
2.942589709464101588e+00 3.215648915434908162e+00
1.666089594286691522e+01 1.505437675427508282e+00
-7.022100236347140978e+00 6.869454622838016888e+00
1.110421605144177448e+01 -6.474000077201639058e+00
-1.185871472318025965e+01 -8.941682022388096840e+00
-7.377778185044192583e-02 -4.139094963057766918e+00
1.633025998234071352e+01 -2.511763935478731113e+00
-3.223073716492097063e+00 -9.971087108537822985e+00
-6.716009131989546077e+00 -2.180536255977452598e+00
-7.733189686496539039e+00 -1.214280119979616224e+01
4.892360105523035685e+00 3.644334081096900491e+00
-3.313600768096776505e+00 1.346858449327608298e+01
2.695707033805319952e+00 -3.725155667505520185e+00
7.828709499278975414e+00 -7.542589271508061799e+00
-1.093198987046579163e+01 8.697496390635937047e+00
-1.136655023227646666e+01 6.153866067526472250e-01
1.288840915355279293e+01 7.376037954229150984e+00
-5.664519236555864978e+00 1.032191970392634772e+01
1.355851736812198283e+00 8.363056882238488754e+00
1.959161035813394847e-03 -1.148432524385999010e+01
1.148215075310172750e+00 3.230646952850229070e-01
1.036740475101064973e+01 -8.796858519681586941e+00
-3.003544593068692592e+00 2.162425444385615236e+00
1.338927616334870407e+01 8.034086825042514590e-01
-1.325367798585119772e-02 -1.624851523219787097e+00
-4.952406971019390980e+00 6.770807920528405077e+00
5.474495038817490666e+00 -1.213519018371583513e+01
-1.787565366221075536e+00 -1.865612580463798409e+00
5.496486989350017893e-01 -7.893051219579591660e+00
3.799324295974049193e+00 -1.554795460777750193e+01
1.132389255770914360e+01 -1.710451670274601099e+00
-6.860500552045998290e-01 1.392306402305642621e+00
-1.371453674448094340e+01 -2.531426914476684331e+00
-1.298497883345730486e+01 3.317793315231426732e+00
1.079982871232765262e-01 -9.949469708716803140e+00
1.870699773700152946e+00 -1.079472202902747391e+01
3.421681114335349605e+00 -8.040692170133826977e+00
-8.416503807018754557e+00 3.619205974588734165e+00
-8.679940564897766109e+00 -1.023072886620160205e+01
7.468921839583618549e+00 5.557881041255114951e-01
8.670305166312282097e+00 1.294188745852211397e+01
-5.350544657200829946e+00 8.349225706371743883e+00
1.344159123653436794e+01 -9.752765968459765844e+00
1.510660033528814949e+00 -2.231991516058903002e+00
-8.408863246117451951e+00 -6.564110718880264983e+00
-8.987734764559396794e+00 8.861813090045465913e+00
1.322553986835498208e+01 -7.734349376364168194e+00
-1.591782125537931414e+01 -9.848974509578809489e-01
-1.263859888464964598e+01 1.447264985618605948e+00
2.003827323373389646e+00 -7.111633135132601424e+00
-5.631721262562196628e+00 1.291500023523216711e+01
8.783494819736144876e+00 7.789919918835984447e+00
-5.959035941336640718e+00 1.507280507509689471e+01
-1.581924218188029485e+01 4.795869101384120370e+00
-4.404989372821610516e+00 1.518802669325257426e+01
-6.490498061414456288e+00 4.781736875783238361e+00
-1.456662185053556868e+01 3.482905397643239809e+00
8.461900257875523579e+00 6.221973768252151871e+00
-1.352996030062659116e+00 -8.917341404832914264e+00
4.545028524345724463e+00 1.401039508685570212e+01
-1.266907549783299025e+01 -1.078211839039504838e+01
1.509189746559297163e+01 6.363956090865539039e+00
2.083240735596277204e+00 4.930338126918680786e+00
1.107892393066740411e+01 6.609317733923703031e-01
1.001894919800476913e+01 -3.879819279824896938e+00
1.068204909603885611e+01 5.591643383553474678e+00
-6.713006476421057300e-01 1.244301237419369954e+01
1.564814851672090157e+01 -3.966609139740191026e+00
-6.596599482742307785e+00 3.197649379651643642e+00
-1.497430062411138962e+01 7.476506154459301001e+00
2.283735344830880365e+00 1.356206932848906632e+01
7.161351227415767795e+00 -1.066864331359386853e+00
-9.699072253508624897e-01 1.067574091630563160e+01
6.655927016783156347e+00 1.388519152191415884e+01
4.366457206103714128e+00 -3.179633174584985511e+00
-1.513755574422908623e+01 -5.154080485360552188e+00
-2.959155567529666797e+00 1.622849206970215619e+01
1.382179365250903658e+01 8.898071627416182849e+00
-3.815874479071736047e+00 -1.408591428099131448e+01
-1.219972749468638717e+01 -3.209459799579279959e+00
-2.891067766625640800e+00 6.225133372726077141e-02
-9.541982822015302901e+00 1.191099273270678793e+01
-1.600910971044417153e+00 -5.422831154654444319e+00
1.118556773640520419e+01 8.686895833091391239e+00
-9.209816747976441675e+00 1.838470853539213579e+00
-9.341390449623986569e+00 -8.049611584331687553e+00
-7.822834117197560388e+00 1.127507321857063260e+01
1.392772006966295706e+01 -2.381541944232713703e+00
1.033961633293715110e+01 1.287062632181349997e+01
7.514481257206252707e+00 1.022743757589014990e+01
-3.791383226007493334e+00 -5.580674885276255992e+00
1.496360086742033957e+01 8.987563966880180999e-01
1.590862035153780596e+01 4.589115899562251855e+00
-1.624238435929798285e+01 2.438155273871341677e+00
1.280771927505486474e+01 -1.088996524000418020e+00
-6.770555120496172918e+00 -5.158377956176975587e+00
-1.148565782214906328e+01 -1.830269435413590884e+00
6.798062655771133223e+00 -9.856241144677881039e+00
4.567671579987973018e+00 -6.191721915821908340e-01
-2.546143618774111772e+00 6.892456432959260582e+00
1.493627696611043376e+01 -9.890143454463533601e-01
-7.037734048419640231e+00 8.392266412782323215e+00
8.572188380787114426e+00 -1.263106944533155129e+01
-3.732427221408087803e-01 -1.350328570098287528e+01
5.058306905823080513e+00 -8.682820213160139744e+00
-1.449877285743184885e+01 1.458706150770137100e+00
-9.778376531708278918e+00 7.322222542242155185e+00
-5.680224612744432022e+00 4.845065786708921962e-01
-1.058055316384733047e+01 -5.856356721224226902e+00
1.230994820916002652e+00 -5.694226383632866373e+00
-5.708811927401004738e+00 -7.247469920554671319e+00
9.605758320289503160e+00 -6.812445933971137180e+00
-4.069018656508157861e+00 1.130146730105536790e+01
2.295111520289111695e+00 -6.644070521029838972e-01
3.750880809264213411e+00 -9.945402516097406220e+00
7.598444748085334766e+00 -1.402552761457805452e+01
-3.127650499245126170e+00 1.008286750197421355e+01
-8.192099784918218219e+00 -1.455046230881507263e+01
5.983037582250538833e-01 5.346846311828965526e+00
1.296162727613739563e+01 -5.960585217172141625e+00
8.882277799981785904e-01 6.912906742554227435e+00
5.247395313578842035e+00 1.022309204472485789e+01
-6.750268760915009381e+00 -6.066618971459298848e-01
6.672311107643267292e+00 -5.408070027220334808e+00
1.241817218508005638e+01 -1.105935306463896950e+01
-1.373404481189626480e+01 -8.830840112664123609e+00
5.532173556464368147e+00 1.540086939652965015e+01
8.445658124761251884e+00 3.204131897781589799e+00
-1.307722768111416656e+01 9.343215047772417847e+00
-1.065899777106488600e+01 -1.264469068094556192e+01
1.002522555018724404e+01 -5.685295693154017727e-01
-2.889666220234373029e+00 -1.640585660619998265e+01
8.631857038854889197e+00 -1.112949687097693996e+01
-1.797459002341154743e+00 -3.452637699161940077e+00
-1.138662781522821632e+00 -3.829239061472122785e-02
5.218478626310769641e-01 3.797592242126384576e+00
5.873592309508367748e+00 3.463525228384440879e-01
1.154979825408221217e+01 2.132867243428087534e+00
-9.969470549705173212e+00 1.345022670897812844e+01
-1.035212481782305360e+01 -4.063476719824109296e+00
4.700531275434371992e+00 8.178544833367929812e+00
1.615933806965450970e+01 2.974228660338685160e+00
3.041889343704625048e+00 -1.418706228348451326e+01
-1.880079781084237567e+00 -1.122491463157296110e+01
-9.479507204466685266e+00 1.032856138055109696e+01
-9.935896246979647017e+00 -7.318681014537489204e-01
1.321584200536855036e+01 4.292644345459226685e+00
-1.371549233009310065e+01 -4.265263361968663958e+00
1.185790587996224588e+01 -9.063940591930320423e+00
-4.946497838820832271e+00 5.202503202608404820e+00
1.043644573775874917e+01 7.087464923014564988e+00
4.804007049417158726e+00 1.243994747234823350e+01
2.152273450575158620e+00 -9.231627148062472088e+00
3.970669905106252173e+00 2.060913745900435856e+00
4.927003386065344159e+00 5.181607451642360473e+00
-1.647672552374369914e+01 9.109142034127977183e-01
-1.013431957039361464e+01 -9.795417823038564009e+00
-2.481832134988017913e-01 -6.305458706068435504e+00
1.473969182310838733e+01 -7.880821511704111160e+00
1.309910703717714497e+01 2.368383731131384451e+00
3.045565252853311478e+00 -2.123282772267881313e+00
6.809493407649082286e+00 2.849766487201787157e+00
8.158078798205039561e+00 1.449578583817875099e+01
-8.512268934766771267e+00 6.306757415179923498e+00
5.351858618647856503e+00 -1.568606822703403836e+01
-7.007549478359846873e+00 -1.039943180217039043e+01
