# Antenna elements layout
# Station label: stn.233.E2-3
# Number of antennas: 256
# Station diameter: 35.00 [m]
# Antenna minimum separation: 1.50 [m]
# X[m]  Y[m]
6.200079448400440896e+00 7.092677758099323881e+00
-1.368496349389523914e+00 -9.102454385988458796e-01
-7.089772503693652084e-01 -1.556716902920368995e+01
-3.559991006855693030e+00 1.510453736978028871e+01
2.149656158982793386e+00 -7.450012674745426722e+00
-3.596915322722518127e+00 -1.285035269721757878e+01
-3.213813061353160805e+00 3.856890652775760486e+00
9.930022514121112920e+00 2.353338349937491358e+00
1.472113076060796999e+00 1.307471981420120244e+01
-8.468003005423444307e+00 -7.473710661170439806e+00
-9.424510288468161079e+00 4.191799052434795669e+00
-2.474631611335945891e+00 1.000061318641039065e+01
8.526686473390547860e-01 -1.473694880687032693e+01
-1.178671464655425183e+01 -1.157376720549077476e+01
4.638785256727555151e+00 -1.156884759743628521e+01
-9.995298936302283721e-01 1.919965186152271741e+00
-6.514492748211443640e+00 1.157378041578332528e+01
5.020242015574424954e+00 1.337283181043095226e+01
1.477650526412487864e+01 1.193105692532277828e+00
1.270138126914727650e+01 -5.911703594219851254e+00
8.216270728412496283e+00 -9.446291776434557974e+00
1.468984380682761071e+01 2.958019979008813749e+00
-1.485501290561867194e+00 -4.575382249909159427e+00
1.032371030400623724e+01 8.189668128444534290e+00
5.044491153953348572e+00 6.053545324495498647e+00
9.372798861781767243e+00 -7.247534981227593320e+00
-7.981963105869086306e+00 -9.178355295334188924e+00
9.056372285252166421e+00 -1.372760666147419428e+01
-1.258100374569089297e+00 1.666189033760770144e+01
7.552101410018796201e+00 9.809913107665757082e+00
6.793738165995630851e+00 -1.262584786290654293e+01
-3.257577147869232803e+00 5.793164486886965392e+00
3.314191434236793299e+00 4.154129652452212440e+00
2.728992247139263583e+00 1.095017119126890037e+00
1.375940524616694205e+01 8.760758721585872877e+00
-1.025815334726348027e+01 -1.258517068148798401e+01
-8.257573525074022314e-01 -8.894043876990036068e+00
-1.161050133263912798e+01 2.634873635153105909e+00
-1.306290813844693766e+01 8.595252189104662932e-01
-3.448550440878754841e-01 8.184840938910568298e+00
-1.302526951560326651e+01 -5.087952380276041353e+00
1.553684410635121083e+01 -4.539713393512951001e+00
-1.546252869997719159e+01 -4.036445784733189157e-02
-4.565319045488637428e+00 7.562519467232359460e+00
3.699080798711449347e-01 -1.264959069112722290e+01
-3.008848934591057400e-02 1.139057449840723990e+01
5.949972298518435565e+00 -2.340485758785169068e+00
1.007744352566611923e+01 3.504059377434209921e-01
3.141579187439830889e+00 1.608770955364115451e+01
-5.371360055045055759e+00 -2.854378509120905960e+00
1.148281861838132301e+00 1.532603832066514826e+01
-4.327790298085487208e+00 2.069071561997898101e+00
4.722263629361361126e+00 -5.781790149038828375e+00
1.070698631544654944e+01 -6.186605262745153766e+00
6.658859452132372070e+00 1.350412040810835279e+01
3.026853281909549054e+00 -9.538671509228166201e+00
-5.840310400883760522e+00 -1.445699129819836060e+01
1.287709442657330783e+00 -7.230436832087860921e-01
-1.416897974401035398e+01 7.211034528072438832e+00
-9.753819902134438280e+00 -8.542623109145843330e+00
7.086989253643672271e+00 2.366211712935978539e+00
-1.180805593655002284e+01 -3.038819384460250461e+00
-5.938292498364351246e+00 -9.838449411625882490e+00
-1.154832529094180771e+01 6.593469563197050576e+00
-1.056966349891385448e+01 1.009804474980434463e+00
3.200955716150684083e+00 1.173780622690327036e+01
3.149715412103937240e+00 -1.610722293188798204e+01
1.303387245522047522e+01 -1.629000401668108111e-01
4.350129277723642218e+00 -1.394245340474176942e+01
-5.684754261504577855e+00 -7.918316451017751945e+00
9.154766041005562016e+00 -4.432202704527110626e+00
-7.763929748516302354e+00 -3.692848198588864150e+00
-9.768479362297078694e+00 -1.432480789529275711e+00
7.017543862672418697e+00 -6.205936257992812344e+00
-2.553580738519956483e+00 7.914798776873027464e+00
-1.207187588292961422e+01 -2.953565208492676675e-01
-7.461263800237865951e+00 -1.401561873766101485e+01
-8.589529011485481647e+00 5.446098740244000425e+00
-2.867858672186983426e+00 -9.398427871482819995e+00
1.200036433814297254e+01 -3.177549911268647165e+00
1.571850401411850839e+00 -6.002666333854616454e+00
1.025855429182685441e+01 -1.022647896318555816e+01
3.786766609406349460e+00 -9.826974432230635159e-01
1.266777414447048500e+00 -4.290537603838510350e+00
-8.035431330587995191e+00 1.243799008940285589e+01
-3.846815139973003284e+00 -1.499012790726267852e+01
-1.844087845629367450e+00 -6.465934939019129857e+00
-4.986106806649710066e+00 9.717633064701516332e+00
-1.529345068166548138e+01 -2.689742318146731037e+00
9.853620768371836647e+00 3.903760374167791980e+00
1.054508784691081758e+01 5.871287813719508364e+00
-2.568701678837664204e+00 1.520820210424925989e+00
3.725232005583706041e+00 9.195739548474769265e+00
9.172669737980118754e+00 -1.227876203751492312e+00
7.146474405210032188e+00 -1.454866949819007438e+01
5.467284216534039842e+00 3.816905257526848061e-01
-1.630382269347561319e+01 -1.294871969955167401e+00
3.689255099948383076e+00 -8.071296246168335742e+00
-3.607357270476855504e+00 -4.479961869031697574e+00
-1.332936964137812907e+01 2.339486986870081608e+00
-6.765568945140117307e+00 -1.294379896191134804e+00
9.898560680674776791e+00 1.196811291221168716e+01
3.441748541368607306e+00 1.332000570493773495e+01
1.543114091106931340e+01 -2.575399623501835933e+00
1.187474722526136262e+01 -1.132392772310525331e+01
5.037872303991207446e+00 3.446555508518034827e+00
-9.679751672979278965e+00 9.262710948504487618e+00
-6.412299328960493483e-01 -1.093825873602164478e+01
5.616650806927061979e+00 -9.302482000220395619e+00
9.077010779992988887e+00 6.451871601976961301e+00
-2.519408530478180808e+00 1.259391457562006167e+01
7.449646721362658042e+00 -4.150218064275311036e+00
-1.284278570155876054e+01 -6.666803008961602828e+00
1.011578311434146116e+00 3.209065937371921251e+00
1.539588099482585903e+00 1.097723013038237028e+01
-5.927961118093712400e+00 6.245782088397682230e-01
1.359361909742700547e+01 6.169377212932996457e+00
-5.169277343355899390e+00 5.586237952538365192e+00
-1.136459410584744845e+01 4.961204666830312249e+00
1.127365156447660510e+01 4.464876635239683367e+00
-1.316500019095811425e+01 -1.831877460078583653e+00
4.864940134729938137e+00 1.601042361466972608e+01
8.548990635968849006e+00 1.112870635775912831e+01
-1.548267652611406398e+01 5.001236786333379314e+00
-1.712579443270849211e+00 3.427556390341859327e+00
1.303827911953937502e+01 -8.351241890103089816e+00
-1.204810878549218600e+01 -9.478228337462937247e+00
2.643734204857658199e+00 2.699097349465994000e+00
-9.945377487125117710e+00 -5.970830317288990940e+00
9.228376904975313266e+00 -1.176503091860753969e+01
-1.085891178586832950e+01 1.167324898922938559e+01
3.853270456326249871e-01 5.175104440485867485e+00
-2.851301527575847317e+00 -1.649735688985937188e+01
-6.294179671137451137e+00 8.427412406473681727e+00
1.132241710576201044e+01 -4.812391305179209766e+00
-8.276883664614846481e+00 7.637864086303551403e+00
-6.240979030030299413e+00 -1.145941919449152024e+01
1.403690990480625800e+01 -1.405622829601611556e+00
-4.226313708355686316e+00 -1.240996084627930429e+00
-7.131525494823900857e+00 1.485701503012663238e+01
-1.442261077680101522e+01 -6.265616271353772859e+00
-7.267635964126553105e+00 2.655755444336293181e+00
5.425472512112758494e+00 -1.578667975512815680e+01
-2.080409639421457513e+00 -1.224309522942056638e+01
-1.305735674210905728e+01 1.030101560799601756e+01
-1.691841975720613789e+00 -2.773656919660627551e+00
9.687105606036595873e+00 1.005772359814314143e+01
-1.366227928956065085e+01 5.653199143705279539e+00
-8.041078956580093973e+00 9.643729764566799645e+00
-1.153796006476746605e+01 9.367883989205019191e+00
-3.724395430008479835e+00 2.540211734267288080e-01
-4.494327458693520683e+00 -6.311593807396135958e+00
2.991344722733007444e+00 -5.092696070605228442e+00
1.953734861973934755e+00 4.889309919745343791e+00
-7.907945281284865402e+00 2.610166744729625066e-01
8.324414416562955665e+00 1.429312095390318049e+01
1.199205145112993876e+01 1.091717256577782891e+01
-1.125127426751478943e+01 -7.227311480718164205e+00
-1.155835834498784465e+00 1.389091693192353816e+01
-5.728892518526841116e+00 -5.135669261898391014e+00
1.049855344396031853e+01 -8.593585687185807842e+00
-1.403863627108183287e+01 -8.834344762505379478e+00
4.821909218530645802e+00 -3.709738984255043448e+00
5.820740912040516690e+00 8.915557756099993014e+00
1.617794385878013941e+01 1.830726503742873490e+00
-1.491569842219701059e+01 -4.848302727823202929e+00
1.356960546699323089e+00 -1.032229627741581091e+01
1.631999616003649578e+01 3.513949615615114652e+00
-5.706628678260027954e+00 1.409228731710997806e+01
-6.112405408491788705e+00 3.834777375829929724e+00
5.342347678105205944e-01 -8.174048240987456637e+00
1.177464532455094570e+01 7.758553891878825937e+00
1.596344819741599963e+01 -1.025949967882549885e+00
-1.597841145186001555e+01 2.217994100622856735e+00
-1.327211702987449016e+01 -3.388384057070036093e+00
-1.041075391960294816e+01 7.648236621266406132e+00
8.963020110262885254e+00 -2.776999606430244683e+00
1.994575135828426937e+00 -1.305276619918592296e+01
7.600071650986098604e+00 -1.001571603593909288e-01
1.230176839797390187e+01 2.280249220118346187e+00
1.458288819197647967e+00 8.011763621878341013e+00
1.336204141061449135e+01 3.839876216978751700e+00
-1.005844926480966173e+01 2.478794941541909935e+00
6.449261911928136470e+00 -7.751836320932872226e+00
1.403926842097310512e+01 -3.421918123167767334e+00
1.479012409609130430e+01 -6.004910220094558326e+00
-1.584734783437228955e+00 5.774789231676383139e+00
-4.359444620395603209e+00 1.121430451605978362e+01
-6.986389804965856598e+00 6.036444519031437750e+00
7.615155621867632618e+00 4.560610428983707720e+00
3.991472559643593598e+00 7.372179362311364059e+00
5.194583676299068031e+00 1.871215786207585552e+00
1.281786656704401395e+00 -1.640355645223169034e+01
1.194645530696206848e+01 -1.535875068265060150e+00
6.819373164484833438e+00 -1.046822743292393199e+01
-4.932899137010682722e+00 1.583469063859261183e+01
-6.864945069571046332e+00 -6.504951226263052888e+00
-5.358251424474977043e+00 -1.287138062978494091e+01
2.392335495948547219e+00 -2.519644653560686010e+00
-1.389526728940208500e+01 8.862798613297943717e+00
-8.374037878684262637e+00 -5.178261485413663934e+00
-9.423906302667443668e+00 -3.814404288780245622e+00
-1.975305432055320054e+00 -1.451309027768860105e+01
-8.353579956562921183e+00 -1.213653574799336354e+01
-1.401787971194279692e+01 4.001018897602538260e+00
7.914596718711752743e+00 7.868052865203448931e+00
-3.593738339717644337e+00 -2.834822772880828623e+00
-1.013543549366059082e+01 -1.105103524446173324e+01
-3.859161752792450883e+00 -1.063259605125335483e+01
1.493890814754884389e+01 7.155713171915625281e+00
-1.009557745251044025e-01 -2.742849381401670783e+00
-9.408725059671990465e+00 1.306021815513554785e+01
2.244367646279098238e+00 9.483195974686601915e+00
2.704385748889265528e+00 -1.129726354929349874e+01
4.721866516640314870e+00 1.160670464835467541e+01
-2.663634009382747081e-01 -6.616517290485433023e+00
9.669446714237714957e+00 1.347307736473853979e+01
1.039541757993496773e+01 -1.275864593147281845e+01
-1.107012300305500929e+01 -4.549488441677791428e+00
1.453723571311288509e+01 -8.105604568913074459e+00
-8.304073108021894356e+00 -1.996669172214890153e+00
1.053749523777709385e+01 -2.790417038806500827e+00
-3.480927352837676736e+00 -7.742643925187161713e+00
3.322807542303465311e-01 1.065165576472740128e+00
1.531369925225762785e+01 4.716208697823905283e+00
-4.506934241286437270e+00 1.279083769378718571e+01
1.186885204671015615e+01 -7.332806645838612525e+00
-9.268889987563131427e+00 -1.393901631215355152e+01
8.549646659548294281e+00 1.339952841322123334e+00
-9.379618831055783090e+00 1.126259242811633499e+01
-1.259598454138977530e+01 7.906994899220407547e+00
6.824956393182279868e+00 1.162325374747872786e+01
-8.691663701326517000e+00 -1.061182197105793001e+01
-4.217915066990656214e-01 1.534510149482022712e+01
1.176574821410963523e+01 -9.809045709890950704e+00
2.587445914684366244e+00 -1.454820242203316205e+01
1.769816572208199545e+00 6.414080850257910527e+00
6.093801674976550231e+00 4.795739865227361065e+00
-3.892014715924894119e-01 9.873498436264068090e+00
3.360678921121124318e+00 5.764694613344857999e+00
1.166797818478391235e+01 6.958518461249880716e-01
6.552474542018284609e+00 1.500950214908088753e+01
7.444444016121416041e+00 -1.792510269308030146e+00
8.343660728371876445e+00 1.275298118955717541e+01
1.234393168386579376e+01 9.312831895721270570e+00
8.511149715996257470e+00 2.891160747414271981e+00
-2.741853324254762470e+00 -1.547553733020338385e+00
4.115729614642749112e+00 1.467260655775552891e+01
8.529563019731824625e+00 -6.004843581805532793e+00
-2.911164958301247552e+00 1.649459462588166758e+01
-8.487135780556636533e+00 1.768633931837356954e+00
-4.346982861325603409e+00 -9.131123402745064510e+00
-1.394200522031030332e+01 -4.273909763588044086e-01
3.407494483773920280e+00 -6.541945331396300745e+00
-7.724962887559833291e+00 4.165197237501445215e+00
-1.005322658121997570e+01 6.115411660112709313e+00
