# Antenna elements layout
# Station label: stn.263.N3-3
# Number of antennas: 256
# Station diameter: 35.00 [m]
# Antenna minimum separation: 1.50 [m]
# X[m]  Y[m]
2.348401589524808486e+00 5.036354102337035954e+00
1.010203951932108168e+01 -1.299347632448633405e+01
-2.485165580123975815e-01 -9.774485351540224798e+00
9.252415293422316722e+00 -9.947448219032612116e+00
-4.587628992493813840e+00 -2.319347667577646988e+00
-4.569673836947366397e+00 -5.622305127353591558e+00
-3.862936064414311588e+00 -1.305736193985187299e+01
5.938944227460808634e+00 -8.060569363555236677e+00
1.161662172321828379e+01 -4.920403306183724013e+00
-1.111171868108037586e+00 6.087353854527304264e+00
8.781389055499150942e+00 7.454364982065328604e+00
-1.114906321666203759e+01 5.129852345297152283e-01
4.217782372176262840e+00 6.404240525129164752e+00
5.127761133144041139e+00 4.033196712764716807e+00
8.229674839702298073e+00 1.155084125324389177e+01
4.511430356854265966e+00 9.385659349530527606e+00
6.410224401992202559e+00 -1.056402825466494377e+01
-9.506960069339740471e+00 -9.238665241807575867e+00
1.688453466171715434e+00 1.311756910407474663e+00
9.801395463425464527e+00 1.065235398938556344e+01
-1.657267434241438409e+00 -1.630207745743598480e+01
-9.060270752399365080e+00 -1.298543351206226149e+01
7.740150352658595523e+00 1.011562316375701798e+01
1.018133751920084862e+01 8.264726544413026232e+00
-6.672796330335595272e+00 -8.149025965858241349e+00
-1.281712427384340813e+01 1.056630205450840165e+01
5.005048327434934663e+00 -1.462477374492361193e+01
1.183610295088356779e+01 -8.742808357554977761e+00
2.456263620987861884e-01 1.209142108774625513e+01
-8.345607152167055176e+00 3.453733276048190248e+00
3.637120795845657284e+00 1.278860636045227395e+01
1.089694282071615561e+01 -1.599946337085082604e+00
-1.496401705557269857e+01 -1.910574180057837523e+00
2.097656351665680319e+00 -1.083602592992377112e+01
2.788663463187027958e+00 -1.546471316354923609e+01
-1.519426836925357094e+01 6.872476898607995821e+00
1.562055397082617247e+01 -1.348840714311627664e-01
-2.983054849384718210e+00 1.565538378678595421e+01
-6.119815030572496539e+00 -1.033894246772990400e+01
5.925075310675858020e-01 8.307390553886257578e+00
-1.247645468948888947e+01 -8.943678495647350957e+00
-6.944791425524849515e+00 -3.949989056600923476e+00
-8.327588897172125471e+00 6.264615052815980079e+00
-1.250243944875573732e+01 1.584609112728969649e+00
-5.643443152972677623e+00 -1.467265922994037020e+01
-8.049085049558168947e+00 1.256273552120082826e+01
-1.291874621861666128e-02 -2.926995931524308148e+00
-1.460920280344974387e+01 -4.559206168915368451e+00
-4.521780781269354677e+00 -3.953531265814456575e+00
1.552313677917732804e+01 4.399985239774558465e+00
4.236304548484461918e-01 5.747480088338939197e+00
-4.817469840251341395e+00 7.990360938734752949e+00
-8.363151268441882280e+00 -2.448562164128562202e+00
1.105868049685861010e+01 -1.006240977200906350e+01
-6.829027263864665187e+00 5.538334110702162860e+00
-1.093903916595377623e+01 -5.515886693262185503e+00
9.074043922920701277e+00 -1.188279142983860481e+01
-7.323067209906565012e+00 1.369119816827399916e+00
5.487790875037958926e-01 -1.473903370876524832e+01
-1.262490261780467904e+01 -2.364526840737802615e+00
-1.633094940596295785e+00 -1.277124408119198051e+01
-1.262598397832057451e+01 7.737697972868520679e+00
-4.264981006712107003e+00 1.583495302892941936e+00
6.885427124815201694e+00 6.094414363911688781e-01
-1.374126035111324029e+00 -5.640077855393926143e+00
-1.360252033786107262e+00 1.513648377497981556e+01
1.345162887168361365e+01 9.712811558495381803e+00
1.438558411164606454e+01 1.980351168033635645e+00
-1.054715577128040138e+01 1.118127253782500574e+01
-1.360817316467939619e+01 6.252975332462405333e+00
3.294047582713776734e+00 1.430812418256606833e+01
-9.435899498893901338e+00 -3.926909017316845052e+00
-2.179974944735777242e+00 1.263052148682448816e+01
-7.006026693140320560e+00 -4.217064422807226265e-01
9.359682709436448533e+00 2.155054864660289837e+00
-1.429089326588448827e+01 5.336039388669604477e-01
3.646892480382273760e+00 3.034493550926988803e+00
1.090951728021360978e+01 -1.155965365637328901e+01
8.888979862954002442e+00 -8.173346727099538356e+00
1.260381370695162673e+01 4.761013576705600769e+00
7.299317588641432764e+00 -1.041980225922273462e+00
-8.154817280416892800e-01 -7.120301660502649455e+00
5.810853271632968386e+00 -2.014877515159369636e+00
-3.160970356844178042e+00 8.347335463990155802e+00
-9.175129466807169010e+00 1.427323915303475133e+00
-1.105620582910419891e+01 -3.079931969408379544e+00
2.282055963814844546e+00 1.203443401090033760e+01
-1.649211641524360061e+00 -2.997842828514835745e+00
-3.809545601997927022e+00 -8.713110092653515437e-01
4.935394103692512857e+00 6.145256730319452743e-01
1.393717913362989336e+01 -7.919025113340355304e+00
-1.365003556012350572e+01 9.278893800760950938e+00
-1.181723502165178630e+01 3.422889493596496635e+00
4.766640771270463262e+00 -1.300659164309494642e+01
-1.618296568814646008e+01 2.109391790306123227e+00
5.737827181335728000e+00 1.307106128077126073e+01
-9.281378188443444088e+00 -1.126863496423794686e+00
-2.536639159936758148e+00 1.031229490665104720e+01
1.303518034744904952e+01 6.721636381775415003e+00
7.244857309171507609e+00 1.496079648149721208e+01
1.299179236329271347e+01 -5.740343669442131258e+00
3.431391732737822053e+00 1.562914762255545043e-01
-6.041285074545900358e+00 1.377253856453861047e+01
6.384753632960354253e+00 8.403221785664847232e+00
-7.063156296558052105e+00 8.428523236432397425e+00
5.088016890456206198e+00 -1.147234042460928549e+01
9.060672425324490575e+00 -2.257657520703640230e+00
-9.737653977137455286e+00 5.044183618624924037e+00
-4.371237357048611827e+00 -8.558877518779130611e+00
-1.553034243123448199e+01 -6.155876440829777252e+00
9.864701108667819796e+00 1.267400018457107436e+01
-1.207979211899758099e+01 -1.056637576150520630e+01
-4.159472839765468777e+00 1.131681834748464155e+01
6.831939663604654100e+00 -1.342796513569845374e+01
-3.747959793581081556e-01 1.050255797520179613e+00
-2.432315499021544980e+00 -1.092474566867310770e+01
-3.865507042482370537e+00 3.495690249797970495e+00
1.267839630028355558e+01 2.464216258364114509e+00
-1.032113270606497757e+01 8.404662592674693400e+00
1.198104176952696776e-01 -1.185205917228635464e+01
2.125860058070401237e-01 -4.473476472767535128e+00
2.167159631399275810e+00 9.881494289395568842e+00
2.967312470427195592e+00 -8.317608979004013747e+00
1.284159480925378460e+01 -8.594074567547060894e-01
-8.155603076559780007e+00 -6.664601313819943584e+00
-1.225576026841372013e+01 -7.681046009367626937e-01
1.188894275349596441e+01 1.166926097549943719e+01
-9.988482604972002576e+00 3.443131992948298858e+00
2.832888420289847886e+00 7.777291865974142127e+00
-9.899271340161384103e+00 6.834798857368511449e+00
4.059498977324889069e+00 -5.109066351238169545e+00
8.011999718201405329e+00 4.844712262480076248e+00
-1.275695360008609214e+01 -6.912810230356923213e+00
-7.826784360262452722e+00 -9.177680663053269683e+00
-6.468377714225347574e+00 1.105289492017136510e+01
8.477647227050226775e+00 -1.423445005094477622e+01
-1.095458450817045204e+01 -1.201006899884811574e+01
-2.131643514002643514e+00 8.524314061640936302e-02
-2.725599752686084898e+00 2.019650086318307558e+00
1.078200448054897720e+01 8.199735424004188644e-01
2.065997240068469409e+00 -2.133804763754350020e+00
1.081948289536670771e+01 6.837568692448751762e+00
-1.096918819496529807e+00 3.830592853322567493e+00
7.692002939646862103e+00 -5.315643682979008133e+00
-3.381790341312617798e+00 -1.486307695068898838e+01
-5.154401532107845796e+00 9.518989057021990163e+00
-2.636620752642498289e+00 -8.840353954230428357e+00
1.524588612423546152e+00 3.221337485423191538e+00
1.203630260088195669e+01 8.043370742202018420e+00
6.970031835492861205e+00 3.450504360828794859e+00
5.224055984745717751e+00 1.084281081227439358e+01
1.465795713852955373e+01 -3.223746976439160861e+00
1.536336723832769735e+01 6.358091562864128576e+00
4.409483864418756838e+00 -9.560878571887286625e+00
1.566047859016541821e+01 -5.177774067525435342e+00
2.308924411916557062e+00 -4.667199972924777285e+00
-1.604153043296204828e+01 -3.913199570715436337e+00
-3.023551564000101166e+00 -4.672352246988340951e+00
3.055964278255419941e+00 -1.284788935965510426e+01
9.724130511474033511e+00 -3.626865133880579961e+00
-1.160430081533983859e+01 5.199928357983587546e+00
-3.906838107867784515e+00 1.397251511506902943e+01
-5.819879752373644521e-01 9.948139595279226199e+00
1.264921446597126220e+01 -1.081927129304981428e+01
1.393276223920157264e+01 2.289438223155784158e-01
-7.890564142954120896e+00 1.046848099259079135e+01
9.734439374121816257e+00 -2.695821932265793919e-01
1.158152426213763420e+01 9.823983161275489095e+00
7.444340392456396671e-01 -7.577983743726189658e+00
-7.350849827891543953e+00 -1.269312747726836932e+01
5.375773893572127093e+00 1.560520803468024553e+01
-8.548860215256688377e+00 -1.127784302277296291e+01
2.005960477286901522e+00 1.514928563860090804e+01
4.226235032153354609e+00 -2.285989624507108076e+00
1.427211464389131379e+00 -1.291715634638749322e+01
1.293957247491303519e+01 -3.294780265313960399e+00
-1.293825919842639394e-01 1.361997276438872717e+01
-4.503950231536535398e+00 -1.162665109219162041e+01
-7.044312894327084962e-01 -1.338496339779993605e+00
1.109794813328699448e+01 3.068901843035188648e+00
1.597779628855121814e+01 2.277903337024202557e+00
1.060042095524924832e+01 -6.382557418977718555e+00
-1.606907965585930498e+01 -5.917359542933802175e-01
7.118351149724446714e-01 -8.046594010441019407e-01
7.049724661578835594e+00 -1.503924824236914759e+01
1.124634771648463172e+01 -3.347416654461271790e+00
-9.867119846047835097e+00 1.255093298272344171e+01
-1.603054524454818619e+01 4.797312613319562047e+00
-4.344283876496412233e+00 6.541265614821529795e+00
-6.318793077450697737e+00 -6.573184387934468020e+00
4.879297578226740484e+00 -3.709338703647183877e+00
-8.537493823336795629e+00 8.875965489482823045e+00
-3.728546698038242013e+00 -7.130438633764272893e+00
3.466044955493913449e+00 1.091669625612902195e+01
-1.331882803296348783e+00 -1.434530142141556119e+01
7.375413035296372044e+00 -2.887601568717098388e+00
3.919819863594835141e+00 -7.146972824333946761e+00
-1.352101287135453234e+01 3.336203447415954315e+00
1.023905519011338328e+01 4.658776608503000460e+00
6.165368074888618821e+00 -6.411994667567048722e+00
7.433324391704029921e+00 6.574873519280789225e+00
-8.457180078613644625e+00 1.423561955802940915e+01
7.793313454451109124e+00 1.325056687850601378e+01
-6.156609455477035198e+00 7.095763606042400085e+00
-9.991390545473926466e+00 -6.733386995770196393e+00
-5.797451097220502447e+00 1.064930012804797599e+00
-5.477426273997036077e+00 2.880075782012429642e+00
-4.831142216928073552e+00 1.594679474715140799e+01
5.281845303253014379e-01 1.622159306014259528e+01
2.443959028315330073e+00 -6.620627718517051008e+00
1.350206844096592107e+01 -9.516250774861561013e+00
-2.975313535351597594e+00 5.022316640126021525e+00
8.590757782581807334e+00 -6.610028122027234332e+00
3.655350187775020743e+00 1.632059986195589829e+01
-5.161368187027434828e+00 4.924315288684894654e+00
1.512273824930700528e+01 -6.962058235573225673e+00
-6.521005917267913787e+00 -2.335059697034434834e+00
-6.880439393930791070e+00 1.524543738836666051e+01
9.448154389507024575e+00 -5.140841614474110699e+00
1.774800225879921811e+00 -1.661773431615848295e+01
1.131723759520145478e+00 -9.054981810016334620e+00
9.046677094170672007e+00 1.409047818505304406e+01
8.840714904713330213e+00 9.085721291783897868e+00
1.394574280109351250e+01 5.506451206895217609e+00
-1.332585692650027909e+00 8.463747212321599989e+00
3.304124411967972463e+00 -3.524573906428452474e+00
-5.958614721182708962e+00 -1.205484627756378657e+01
-2.977503132010253850e+00 -2.184083024097768444e+00
1.368116272080576223e+01 8.206005912524169332e+00
-1.408307151398688895e+01 -8.895491160644741768e+00
5.917105400575771057e+00 5.525870677536062203e+00
7.365310611649544370e+00 -9.223859569326640084e+00
7.399918775888732370e+00 -7.597764930426867735e+00
5.761250045830184519e+00 2.299098630291236844e+00
-1.119573161731955580e+01 9.820601883403021759e+00
-7.157809547265614469e+00 -1.463435287643635263e+01
-6.907461503300408978e+00 3.995129393350563163e+00
7.150285223540819857e-02 -1.674640682457109264e+01
-8.301274525582506669e+00 -4.987217315167432830e+00
1.593263622480962738e+01 -1.611310327321882951e+00
-1.302172001535915413e+01 -4.917877201241175555e+00
6.558222381477534668e+00 -4.149634139962449453e+00
9.053980583590828246e-01 -6.010219504629041865e+00
-1.078474493019078473e+01 2.002284986621361895e+00
-2.306566907573222025e+00 7.107934616426966556e+00
1.891450011567581413e+00 1.360858548879086882e+01
4.244767517441577098e+00 -1.604878861920933630e+01
1.218051477219519185e+01 -7.056635928475081698e+00
-5.480972459744656078e+00 1.229928610002017919e+01
1.424001850148392379e+01 -1.419911805193493137e+00
-1.396000368080153464e+01 -3.166437025012918127e+00
8.635857789096910153e+00 3.471392167747726631e+00
1.372218429223839209e+01 3.697078979767407958e+00
-4.627523231529732328e+00 -1.593653626350891450e+01
-1.111817861535845431e+01 -8.287856238587046676e+00
1.417880843041112016e+01 -4.785146203666668541e+00
