# Antenna elements layout
# Station label: stn.085.C85
# Number of antennas: 256
# Station diameter: 35.00 [m]
# Antenna minimum separation: 1.50 [m]
# X[m]  Y[m]
-4.660412933441602235e+00 1.534375008855866440e+01
1.284798536423352999e+01 -2.686139018712006887e+00
1.187758616939920486e+01 1.061523629236515021e+01
-6.574675903393298881e-01 -7.915156096340290048e-01
2.314590470645356390e+00 -1.038959573484324039e+01
3.482675074353892342e+00 1.619574795229824105e+01
1.380524476815756074e+01 8.579537880501789004e+00
-7.106061760899052615e+00 1.298411131261245899e+01
-1.340232619053889351e+00 -1.646546896540808547e+01
-6.977092784840941420e-01 9.024576022187847713e+00
-8.159561405646357457e+00 -1.295473716518042551e+00
6.491227048783517972e+00 6.145006153579885222e+00
8.826792179364773006e-02 -8.363987328387590736e+00
-6.296183250625023931e+00 4.224796981921254968e+00
-1.075632030404259964e+01 4.522928123607801609e+00
1.791823494346886037e+00 1.596813331766996669e+01
-1.582938705693180736e+01 -1.090807636789392632e+00
-1.134129607896636571e+01 -4.701731177613606150e+00
2.959202033674142029e+00 1.015429498148759535e+01
-1.025437386925904981e+01 -8.949133920196764791e+00
1.631474842003665771e+01 -3.668047371311153881e-01
-3.822901148205714250e+00 -8.247392778674608849e+00
-4.723370119680140533e+00 -1.007512640106584811e+01
8.091947016007782878e+00 3.972205450852769104e+00
-1.465796173709358285e+01 7.400946181525476675e+00
-4.712068254346794660e+00 6.559154431161235976e+00
6.295331669070343139e+00 -6.430753296932230967e+00
-7.807466699763603302e+00 -2.998724463382526295e+00
-9.780114971269000534e-01 -3.300971619819931036e+00
-1.442182633516429746e+01 -4.041599549635510158e+00
-1.128988032901229843e+01 -1.533237017252726986e+00
6.862554436667007707e+00 9.597677465041154932e+00
1.053589996047321620e+01 2.797016003186769240e+00
-1.449415445775531452e+01 3.898050985897008047e-01
-1.247491602582366355e+01 7.978144459408973432e+00
-9.618858532971987785e+00 7.567348154381026148e+00
-5.140078117196587471e+00 -9.994276349428616868e-01
1.321639228207330063e+01 -5.620316821333201318e+00
3.940319658704471095e+00 3.509374559644808045e+00
-4.390600763021826225e+00 2.286118547525806122e+00
-6.364199254879524759e+00 1.040776095917766497e+01
-1.038774970453677149e+01 -2.734750116395593622e+00
-1.652685527343169980e+00 7.495143394598354547e+00
8.382442927887211681e+00 -1.316428913381985666e+01
7.072412734590827199e+00 -1.229961698597104913e+00
8.640039230079597843e+00 1.332146254267108532e+01
-3.237934520279280193e+00 7.855140013071874705e+00
-8.666906575675380253e+00 -1.372141109822291938e+01
9.803977774929162337e+00 5.647739367159317680e+00
7.973785959530054868e+00 -8.144371942207019544e+00
1.392586859555841272e+01 2.568944062216122148e+00
-8.219608174073936624e+00 -7.308353531152807392e+00
1.127805798425139727e+00 1.255740025204949717e+01
-7.711804698290958271e+00 2.746998855399553463e+00
3.692237297551852038e+00 -1.420120407393496365e+01
-5.129464101387318564e+00 1.376194995951351530e+01
-4.647953677530779260e+00 1.061786431770576300e+01
-1.074430035921542981e+01 5.555532823280096011e-01
-1.232070552748434444e+01 1.009916399817193167e+00
-2.433954290311621804e+00 9.251639146270626668e+00
-1.315408184286046556e+01 2.340727637661029092e+00
6.713007493110907831e+00 2.252033018537449749e+00
-1.202603492954241027e+01 1.132835021218536298e+01
5.293591768297822853e+00 -1.183850854583349843e+01
1.253944659865990729e+01 3.386555373068794950e+00
3.407541387801185095e+00 7.101911070817301663e-01
-1.494534366899200606e+01 -5.592286097991728155e+00
5.177423247184307797e+00 8.411213680657379399e+00
-2.776601586464481741e+00 -1.103492326968042114e+01
4.876544835828731550e+00 -4.322178181391429064e+00
1.851876290810501757e+00 -1.489971993196842526e+01
-1.729228020121590603e+00 5.802991344309226918e+00
-8.469578453070813140e+00 -1.086910641935487654e+01
-9.113701320667040306e-01 -1.008730880549371811e+01
1.209206364197463301e+01 8.008362017048757053e+00
3.773043825198616474e+00 -7.629671014744126012e-01
-7.338223995880262862e+00 -5.004110700855678218e+00
9.854703409290486604e+00 -7.998960810212523143e-01
4.587631664847044988e+00 1.480900785760563565e+01
-2.206848585178809330e+00 -5.086969970766743288e+00
-4.909882275288236286e+00 5.070355469460150033e+00
1.123607291684422904e+01 -7.022147619011724018e+00
3.495675563985006562e+00 -9.416547418075001730e+00
2.448685595787232216e-01 -6.079525190270130608e+00
6.682381046763197219e-01 5.069039120042479141e+00
4.318491080348252353e-02 1.542672906433505631e+01
-1.090535965124202811e+01 -6.497897464505527410e+00
-1.014671157718962746e+01 -1.299451714814772352e+01
-1.265987698752507917e+01 -2.389966340550710555e+00
6.125283041500239278e+00 1.143495239048486667e+01
-9.526696186943794942e-01 1.132586545617690987e+01
-1.715398654842035242e+00 -1.348617746520409355e+01
1.336784802814539574e+01 -9.797325561862020749e+00
1.367066113458115240e+01 -4.009544427307680792e-01
-2.805455481009399676e+00 2.489971039837403310e+00
-3.984341528345485273e+00 -2.526596236401083218e+00
1.607284591014313690e+01 -2.530286437587404791e+00
-5.104378623913181201e+00 8.773698214234624260e+00
-1.465907013296870609e+01 5.010183276893890536e+00
-7.235760970029138761e+00 -8.919139759035646264e+00
-9.882446210859523461e+00 1.295758007862944439e+01
5.448682286061664826e+00 1.348932202456495233e+01
4.432462620483462956e+00 -7.787626725014922258e+00
-4.711989358215017631e+00 -6.329210647394098999e+00
9.208164145810918910e+00 7.060283322035029840e+00
-1.064197520538160013e+01 1.059626976301750645e+01
3.083612386274108275e+00 1.213777866601700239e+01
9.746001181510440148e+00 1.091372718804388953e+01
9.495179961298070737e+00 9.152758220042294113e+00
-7.198020406014293826e-02 3.126365170676749017e+00
3.632700779868386576e+00 7.161131628859525478e+00
1.562805500090156841e+00 8.510732567111364943e+00
-6.628359813422029845e+00 -1.426374443264411696e+01
1.089056854155241894e+01 -2.147237049777380946e+00
9.815138809980354040e+00 -9.771190734374712861e+00
1.184558081194754919e+00 -4.154549280896995711e+00
5.252186421018123497e-01 -1.630620169453889190e+01
4.616218939222317630e+00 1.031709648372891053e+01
-3.459674785315872469e+00 9.826027415404894327e-01
8.693503512907728492e+00 -1.136802994294322922e+01
-9.336701157992793654e+00 -4.740331593125810983e+00
7.384383431005581144e-01 1.200836210290781025e-01
5.196783790531043223e-01 6.916524915394152373e+00
7.670996597565142849e-01 -1.153332251109510764e+01
-6.019380914344818478e+00 -1.226266454262294303e+01
1.130824602840231208e+01 -4.014249025795066927e-01
3.751189261914614548e+00 -6.171399962884152046e+00
1.144870431196252270e+01 -1.073847596872355936e+01
-1.083219260528012029e+01 2.303987032487157194e+00
-3.477890156091925533e+00 1.438077709437937557e+01
1.422737085283488057e+01 7.110040089024696641e+00
-6.449182243773989853e+00 7.982003158218841321e+00
-1.618807939013163377e+01 7.712343552220133347e-01
-1.332168166255633501e+01 -8.998152939442686460e+00
-1.237573746839461464e+01 9.740318021148418381e+00
1.095501061319534841e+00 -1.568079093758708353e+00
-2.078040367475143313e+00 -7.373192167110801165e+00
-1.162935840751327987e+01 -8.079006233201923237e+00
-1.359940836938956110e+01 -6.282761099918751313e+00
6.399434485102943881e+00 -1.351184405244493902e+01
1.035013080516268502e+01 9.700847759614035226e-01
6.239629409419432449e+00 4.322272665315409768e-01
-1.144021101544402441e+01 -1.209381000351861957e+01
8.648942774435866454e+00 -2.147328711694681758e+00
9.899016678542341907e+00 -1.235733912549008373e+01
-2.016660633457636465e+00 -1.497247608670886443e+01
2.355707809024249144e+00 -1.317228328753432010e+01
-1.463956539634433085e+01 -7.545426431663321054e+00
-2.895025358543751537e+00 1.247431676569318881e+01
1.497252373429547134e+01 4.310206422166249496e+00
-5.727398747328148687e+00 -4.890109062120442829e+00
1.018588613888010741e+01 -4.542690444492611945e+00
-9.822091528828000406e+00 9.176564045645090317e+00
5.508402785222180853e+00 -8.859908251112202038e+00
-8.022125215138625975e+00 1.460365448885482920e+01
7.136737819226105728e+00 -3.223933185010048774e+00
-1.622760453412341519e+01 2.868786877784724965e+00
3.260318386109126720e+00 -3.827512546720056363e+00
-9.257543479139986431e+00 2.203033536672091230e+00
-7.505930952284549207e+00 3.011849202695806582e-01
8.367392745949899791e+00 1.176493104522800337e+01
6.241086148065232209e+00 4.420726559116417320e+00
1.027520635779519864e+01 1.256769381330197533e+01
-2.376354227348548065e+00 -9.444723286597856315e+00
7.781986210373993629e+00 9.013628585338118171e-01
-4.593516847995065433e+00 -1.353841706612859497e+01
-1.762111164437950350e+00 1.350605165636432758e+01
-1.290286259475552200e+01 -1.065878417924117727e+01
7.185288100753094653e+00 1.423352273165879822e+01
1.500780023860375678e+00 2.517739379716225301e+00
-3.972218197138284168e+00 -1.565160094211338127e+01
-3.192287138180672557e+00 -8.689263396846591547e-01
-7.673756919303281521e+00 1.120052311299825121e+01
2.056988313451881822e+00 -8.669620219396021454e+00
5.270763603554126320e+00 2.672309849606218535e+00
-5.318368374238747975e+00 6.282124359677681014e-01
-8.106941769197828052e+00 6.122407705521617061e+00
9.176386511685432623e+00 -7.026422133209972998e+00
5.045353125687420004e+00 -1.487086227346852674e+01
-6.207425733683109570e+00 2.631661424606555499e+00
-1.412963033107125277e+01 -1.854617210115364401e+00
7.274015875589512348e-02 1.373120779658133017e+01
1.467511688864297525e+01 1.239075012525223229e+00
1.476650802881665214e+01 -5.506321801888526934e+00
-9.742628144298880244e+00 -7.762902931577073673e-01
-9.184158311245850470e+00 1.159480369012334577e+01
1.260696304379216315e+01 5.828437229287679600e+00
1.434844291824870055e+01 -3.178928449237339748e+00
-1.263418874587139129e+01 5.265847562302482743e+00
1.284320540180674186e+01 -7.129004426795811256e+00
-5.356845555028696637e+00 -8.161230251044903738e+00
-7.746446190585601244e+00 9.442672459314913169e+00
7.507431780383360120e+00 7.486517754204228936e+00
-3.750328808985910811e+00 3.722303414346338712e+00
1.492186106024570336e+01 -7.549968769413009539e+00
-4.170453125688325713e+00 -4.787011633873659022e+00
2.648072759964122724e+00 1.382628258383995856e+01
-6.145219134790519178e+00 1.486785786711799062e+01
-1.281893447082713600e+01 -4.999596058773484231e+00
2.914367318704236709e+00 -1.628540377810874062e+01
2.044629289755572898e+00 -2.767061708365504913e+00
-2.781454815034154038e+00 1.650801683112145923e+01
-9.402785954722148176e-02 -1.307288280639876810e+01
1.153627458128461214e+01 -9.056716499519204433e+00
-1.672936545411191744e+00 4.032823814528882167e+00
1.176950150284133656e+01 1.660140681438871724e+00
-6.450492933707989707e+00 -1.992166632501074730e+00
1.581060316629996976e+01 2.511951342026172540e+00
7.083760641259388535e+00 -1.485144945995033794e+01
1.156409799150825179e+01 4.647233759469571623e+00
-1.361781748247530288e+00 1.601668948410877391e+01
5.513835891588776406e+00 -2.797032232368920290e+00
2.307059078642620165e+00 -5.359332983859545152e+00
-7.725159215923298461e+00 -1.229046621737679956e+01
1.738116723413348552e+00 1.111232503393482318e+01
6.378547479603589920e+00 -4.741125455500494468e+00
-1.777357177637028940e+00 1.193559481091263308e+00
-8.537116325702381658e+00 4.190692558493086750e+00
6.447179097450977281e+00 -1.079450300084612735e+01
-1.590589228945218103e+01 -3.278709876862647477e+00
2.641569928454135407e+00 4.425195503533043251e+00
6.967133811415184397e+00 -9.380679999622099530e+00
8.931479928876786545e+00 2.306926199583870130e+00
2.266697397325327046e+00 6.279395900786798990e+00
8.219997695394098969e-01 -1.000576565616311342e+01
-1.002615445763382063e+01 -1.097223654966458817e+01
-1.346866878454665439e+01 3.846596168299058149e+00
1.071480726911327963e+01 7.250749746438934551e+00
-3.339923446791436490e+00 5.660560099272498036e+00
1.172165258055154169e+01 -4.738715156607341328e+00
-5.780616804512344942e+00 -1.553239695480564997e+01
-1.499852300417011719e+01 1.875931302994068517e+00
-2.487609824733048924e+00 -3.415266142346558453e+00
5.372128282372848673e+00 -8.771692789681324598e-01
-6.375873371655378818e+00 -6.410586112172287798e+00
-6.310038252119491986e+00 -1.058806423184859469e+01
4.586922139560869027e+00 5.077636109833573386e+00
8.242349798236901393e+00 1.022219540018729944e+01
8.421503313481473185e+00 -5.646239542525069766e+00
3.761642324051393871e+00 -1.208221866419246915e+01
8.300418654279440034e+00 5.861070395003363132e+00
4.720757932573018678e+00 1.210473494302212316e+01
-4.079842458803408789e+00 -1.210894852063399796e+01
-1.268830000347762166e+01 -6.605092548135118591e-01
2.242285890702081730e+00 -3.578117754259046990e-01
-1.126017159383607691e+00 -1.198416349320505603e+01
1.575304026489269660e+01 -4.166153844977602105e+00
-9.798808017785193059e+00 5.950115154460878131e+00
-9.003470582213587647e+00 6.735719202479089063e-01
-1.158015709431028739e+01 6.589833100109427022e+00
-1.380799300420918563e+01 9.000925171703265448e+00
-5.476185879404479095e+00 1.211973656592623527e+01
1.755672044155634381e+00 -6.936127078725847994e+00
-1.188080850869889993e+01 3.413181129349581511e+00
-6.592949745459623756e+00 6.082101762321830307e+00
-3.172336053473440387e+00 -6.344270364568806997e+00
