# Antenna elements layout
# Station label: stn.421.E15-5
# Number of antennas: 256
# Station diameter: 35.00 [m]
# Antenna minimum separation: 1.50 [m]
# X[m]  Y[m]
-8.844625212806768388e+00 -1.514857509422913751e+00
-4.864714501388318624e+00 -3.579869736926164947e+00
-1.522943868191042505e+01 2.985984377832142656e+00
-3.472364859410166815e+00 1.195670944220275089e-01
-5.590429615786888462e+00 7.379325931078248857e+00
-6.107154710240020989e+00 -2.350923957682434562e+00
7.036158968244510703e+00 9.949219619994160269e+00
-9.556321679822909587e+00 -1.064675277408375109e+01
-1.275559038015104463e+01 6.594044137080512513e+00
3.853982412316877770e+00 1.152244493045025209e+01
8.946356033360860494e+00 1.173814524322749975e+01
-3.192158072497766952e+00 3.442879606810159032e+00
2.695439376585888169e+00 5.477227475059450512e+00
1.592305291739491224e+01 -6.805191975603328558e-01
-7.097562667790182189e+00 9.933537916572358739e+00
-9.303442092534250918e+00 -7.413393463700835184e+00
1.352581595556402050e+01 -6.085403717385464262e+00
-5.268922320899333656e+00 -1.551766532362491269e+01
1.022786090032283823e-01 1.568326695610281263e+01
6.154374933165485118e-02 -1.015157705250566522e+01
-2.738201900411949552e+00 -5.530759310663169614e+00
1.282744323936198327e+01 9.951453505186478310e-01
1.547724934357628257e+01 2.996687761715303822e+00
-5.441243430992484420e+00 -9.065399379379821099e+00
-3.038798133810420410e+00 1.200291078936544054e+01
5.305635162951499950e+00 2.213234860356291023e+00
2.874881510835411547e+00 8.520226493115664823e+00
-1.370692019142283513e+01 8.928188182820058216e+00
9.584762786654088984e+00 -1.007879312431081686e+01
-9.230212930448439934e+00 8.894565207180150423e+00
9.922002056453344210e+00 4.232168993455282191e+00
1.287649393560914035e+01 -9.316346179409912054e+00
2.144002336465437253e+00 4.208775817023493460e-01
1.485842832758724796e+01 -5.100726113518456728e+00
-1.270701830254997944e+01 -3.975704043232104468e+00
1.222152341733175263e+01 3.296047641332275902e+00
3.376842185541356400e+00 -8.936458017095095130e+00
-9.547666521422279118e+00 2.151237920625288069e+00
-1.128865965479288747e+00 -2.861259243868568447e+00
4.812233992244152603e-01 1.489043423653633624e+00
-2.604081410372586447e+00 -9.853537601260043743e+00
-3.717091454928420191e+00 1.606000445679975286e+01
-8.060690939164256719e+00 4.822594097939408186e+00
-7.917076471948911731e+00 -1.356047962865758905e+01
4.422713896351368135e+00 -4.741296130970679812e+00
-5.921040700197169215e+00 5.508669473878857303e+00
-1.228909172849710529e+01 -1.032373249329469722e+01
-4.108924428759046066e+00 9.113618541229680403e+00
1.289091194239528093e+01 -4.722610304064355446e+00
2.125767045687151580e+00 -1.079050446470306746e+01
5.542360225373741400e+00 -1.475892884890887125e+01
2.493485454288510539e+00 1.309646500569634497e+01
-5.480403573878463774e+00 -1.195686068717141204e+01
1.239331834966797175e+01 8.563537093638370123e+00
3.948703529670588352e+00 -2.569875202227965616e+00
-7.044514239203429895e-01 -8.210255548261837788e+00
-2.680061474406182143e+00 -1.529644511656022132e+01
8.993161848758560950e+00 -7.095249136186783545e+00
-4.331778544059874392e+00 -7.635593718245830885e+00
1.006914466044047174e+01 -4.136441635352312574e+00
4.718167206927372348e+00 1.551747441787911441e+01
1.476466817118474495e+01 5.412656016603282438e+00
6.158254525595253881e+00 -4.082585401584966078e+00
1.161147181747822899e+01 -2.256233658829341238e+00
6.142883636954834969e+00 1.474768611541382768e+01
1.622820640445912233e+00 1.016054794181314591e+01
1.646792709026190238e+00 1.509386889281760347e+01
-9.793555568034081560e+00 7.025987688742233672e+00
-6.149316019288130875e+00 -1.405182915993121284e+01
7.278638861709737284e+00 -1.073408136911460176e+01
1.480931327022017996e+01 -3.311020397239897051e+00
-8.486670882981751873e+00 -9.096330589342015216e+00
-7.165456835436753380e+00 7.857856755504471380e+00
4.015666995163485353e+00 -1.455473759910871223e+01
9.516794352020546910e+00 1.260810549456614638e-01
1.095167113701074157e+01 1.155666536231245800e+01
5.427291907817661354e+00 -6.736513975710828106e+00
-1.160785450538005037e+01 1.109591493741764978e+01
-9.870030166119203585e+00 -3.312286007698997281e+00
7.055151755148401094e+00 -8.618780177867863657e+00
1.134706486935121461e+01 7.458053305472027716e+00
-1.210077140693713460e+01 -1.026123254488179981e+00
6.274493143983271182e+00 1.171898948846314426e+01
-1.164676806143426369e+01 3.173744063568964435e+00
9.066434382564015237e+00 6.401626512944865510e+00
-1.054236342657999437e+01 1.215299805111311926e+01
6.485181564907030349e+00 6.959859986506220508e+00
-1.010708663268729879e+00 -1.583987465818849039e+01
-2.171261776643321539e+00 1.444850572585481885e+01
5.187732285872602489e+00 9.537815553359955345e+00
-1.492729165182865358e+00 1.259824541719306623e+01
-5.072596509770164630e+00 -3.318798069917434646e-01
1.882903867456310110e+00 -7.599306521781635126e+00
-3.863426335688370017e+00 -1.915631633656911248e+00
4.779992474201154806e+00 7.104048321173213054e+00
-1.536917386604081059e+00 1.622985443089863367e+01
-1.057432316796175087e+01 4.249250880514793494e+00
-7.324196347859954770e+00 1.269652842881690447e+00
4.858031000559510204e+00 1.317894080346080443e+01
2.791701593577659679e+00 3.427116261800058794e+00
-1.400476081305074416e+01 -6.409011305178557549e+00
-6.607822481135443127e+00 -6.161741383024203600e+00
-5.794802413445552247e-01 8.273288692627858154e+00
3.769298034546771703e+00 -7.142150731564733235e+00
8.296395470136378236e+00 -1.733708120537299280e+00
-1.696320923156678262e+00 -1.329486319272437633e+01
5.886211677012976651e+00 -1.275890489042440379e+01
-1.142426504852988245e+00 2.056604100293608184e+00
9.948734973327617581e+00 -8.380301784499000206e+00
-1.151725133056567785e+01 -7.369164218122538301e+00
6.737746128490762487e+00 -1.899018157393348005e+00
-8.654879970812494605e-01 1.075121220861912619e+01
1.303832541863526373e+01 -7.782312208391626740e+00
5.304785461011316983e+00 5.010415196014903927e+00
9.577971590574644978e+00 -1.338757343327657523e+01
-8.840264946281333636e+00 1.362484690877946392e+01
1.019318173731979726e+01 1.010482635074077606e+01
2.432960772118345716e+00 -1.322090991293677220e+01
-7.580191259259859038e+00 1.198155285430758710e+01
-1.359061024356726932e-01 -1.100070580122572750e+00
5.027158563696552562e+00 3.942194559890168648e-01
-1.117093313418527956e+01 6.391542347926225887e+00
-1.182751777748471511e+00 6.353794438173540726e+00
1.535831119226759256e+01 -6.680897044162927401e+00
-9.075458930976701311e+00 6.386441416178385566e-01
-2.510791220763465503e+00 -7.407374080748203582e+00
1.182733877106670661e+00 -1.903196152804003560e+00
5.145328104070571840e+00 -1.046031912233766370e+01
-5.709534746133615002e+00 1.436324488212927974e+01
1.065866988665394288e+01 -1.204829772922023423e+01
-6.052162946486497219e+00 1.112988558139650053e+01
5.219205254182277542e-01 4.611672933255771767e+00
4.158426255553184347e+00 -1.615922632106804713e+01
4.679417120820872356e-01 -1.348337129324019656e+01
9.777599852884655718e+00 8.002569420245794873e+00
1.384005992896231163e+01 -1.211277555609694190e+00
9.025994961529555383e+00 1.887500539051927717e+00
3.013097319132285179e-02 1.210598918398397927e+01
-1.328584579400865628e+01 8.431055884465514794e-01
-3.557465991009584272e+00 -1.321972819299156399e+01
-1.504581874363087657e+01 7.167617505620249574e+00
1.462070029630455537e+01 6.602484262458325759e-01
-1.097612972762278361e+01 -9.445508880936571927e+00
-7.582246874190021302e+00 -1.057404697941660565e+01
-1.454611704726695365e+01 -4.494050034125834259e+00
-1.007098484211555345e+01 1.043746701687872758e+01
2.631397947056463238e+00 -1.520050093738862707e+01
-1.527516696397947804e+01 -1.053309561262803840e+00
5.651497539481127319e-01 6.953773874487204409e+00
1.818186761562568421e+00 -4.579541152824239347e+00
-4.600837284712090636e+00 -1.069363497688572195e+01
-8.227403655366289925e+00 3.171300874349203269e+00
-1.138668497342666441e+01 -2.826736965032377924e+00
1.292219693385592194e+01 6.026117327756594477e+00
-7.287550118465730975e-01 1.394007809760281091e+01
7.215209966197427605e+00 1.348092304169672673e+01
7.137203155801774557e+00 -6.818515607110049004e+00
-1.069108018410408789e+01 -5.252053242371511388e+00
1.193509691220171476e+00 -1.624702702837349122e+01
8.173313509399648069e+00 -1.453909218360984923e+01
-3.979227759019661192e+00 1.716493932434261183e+00
-1.405833758802587319e+01 4.028876800166333538e+00
5.529090635589877678e+00 -8.365470829208321746e+00
8.291102681196022672e+00 8.381733726303430387e+00
-1.090481211538853046e+01 -1.270774330343159519e+01
1.152098324449733369e+01 -8.078241250890224379e+00
7.023151371383878683e+00 5.272818793089651734e+00
1.013098253443545005e+01 1.310543603876645591e+01
3.319909935051192917e-01 -3.583932368953178127e+00
-2.256512717158319248e+00 -3.880822637523252183e+00
-7.206559261614303935e+00 -7.644044075910571223e+00
-5.359458564379396606e+00 -5.110114354462419684e+00
-2.459094643597765639e-01 -1.168016674167938262e+01
-2.148087473397801261e+00 -1.145202682120152815e+01
3.266273554152707703e+00 7.069385248284053347e+00
-4.024648765043142618e+00 1.418230911120473436e+01
-1.369328802737239670e+01 -9.537997343848575227e+00
7.802427525036193856e+00 -3.239799408934267433e+00
1.904104692607862859e+00 2.179263624216805084e+00
-1.579687666118019607e+01 6.667884008044211441e-01
-1.186436831582201279e+01 1.688844409243802858e+00
1.147417837773976146e+01 -6.453271977023526063e+00
-6.204022140837313515e+00 2.603639815977249583e+00
-1.371313563641598954e+01 -1.600151512336484672e+00
6.655240930556384882e+00 3.809148240707209254e+00
-4.760690296943471012e+00 3.642937772862854473e+00
2.558065754848573903e+00 -3.191630561704045022e+00
-7.567664106282803615e+00 -2.727911162659546918e+00
-7.004617472520102694e-01 -5.370097584800738844e+00
6.614421382637360125e+00 1.379512130875220066e+00
1.437208445597006801e+01 -8.496543604733021837e+00
-2.337004336272105576e+00 7.783928560359026250e+00
-1.524863279502778113e+00 -8.055743238274004625e-02
1.091399480153298640e+01 9.333301423666213736e-01
1.149234155684734660e+01 -5.278590005064387469e-01
-8.290267570773139028e+00 6.624063616504194840e+00
8.805440284998759637e+00 -1.167477798718564586e+01
-3.666791950712548598e+00 6.164695711977053350e+00
1.314171953742639332e+01 -2.758338173694003359e+00
1.349851811013634517e+01 4.219417615997745230e+00
8.764141507766712635e+00 -5.345789566087789879e+00
1.455093540429646737e+01 7.891722592524253344e+00
3.624437271681124173e+00 -2.377143428754813215e-01
-1.247157435367476808e+01 -5.689953316238050007e+00
-1.490880499418804206e+01 -2.805405008927490229e+00
-7.183787679925476510e+00 1.404266037902617370e+01
6.366087111199217219e+00 8.604165003779190357e+00
1.292107077208721932e+01 1.045168705937079423e+01
9.708089054750914215e+00 -2.375453284827143463e+00
-4.833233809637743406e+00 1.241042569507782289e+01
-1.209492963354232309e+01 8.943244438316959588e+00
-1.948219281669075542e+00 9.612350990573183651e+00
-1.453236853839487708e+01 -8.188355690559093958e+00
-9.249217326019868679e+00 -1.238608253204585097e+01
-1.470200253853986005e+01 5.561454936647468372e+00
7.763710458227912170e+00 2.791239127976574252e+00
-7.366515373544640255e+00 -4.434282942711115894e+00
1.435785990309014437e+00 -6.080842366191362203e+00
-1.223145991949577827e+01 4.691212403815221421e+00
7.610680993968600205e+00 -1.291372402130383890e+01
-1.312314246432083564e+01 2.582449496936774835e+00
-2.363320022708691681e+00 -1.489448358658219007e+00
-7.445485333801750372e+00 -1.212870806036236004e+01
4.458632309926152004e+00 -1.206356786122842095e+01
-8.788777730587650439e+00 -5.308272173345743639e+00
-1.561608586161872303e+01 -6.021457412164179956e+00
7.380993919276388482e+00 -4.415836580228464925e-01
8.581226230431759916e+00 1.411723853665717243e+01
-1.092921642849667307e+00 3.638675622982709967e+00
1.634932821199021191e+01 -3.502476139449836268e+00
1.137076234982997391e+01 5.045089342462123483e+00
1.126119592309383677e+01 -1.030347920205252166e+01
-1.033946815115074713e+01 -6.918716160321949360e-01
1.660957729919879000e+01 1.061291309590917109e+00
-7.453285501951505410e+00 -7.034406038618428170e-01
4.585037297973844517e+00 3.693760057534483110e+00
3.178483995182471489e+00 1.581802833572132272e+01
3.001074712450439108e+00 -5.699969161397586248e+00
8.547322951545485381e+00 4.838168112313809388e+00
1.069819011404713294e+01 2.611720784035135523e+00
1.091893623919137468e+00 -8.925163104016007765e+00
-5.757689992300175419e+00 9.105862617553629690e+00
-3.369186858260865947e+00 1.042637142989866561e+01
-1.061439570435851465e+01 8.310085689663356590e+00
-1.293334412141910406e+01 1.036716730846450929e+01
-1.304563621016841779e+01 -7.957547011174243679e+00
3.661965139965957405e+00 1.632731640847229215e+00
-1.599546243517212041e+01 -3.848977549685239197e+00
1.135539939239571083e+00 8.499749030302883313e+00
1.377836003619621152e+01 2.478024651182902716e+00
4.752043458988239877e+00 -1.298113189148953239e+00
8.643585195882330652e-01 1.335435956545446601e+01
-2.103365865530401280e+00 4.799167508376505964e+00
-1.587304691642545862e+01 4.424004251350901029e+00
3.309834394131236479e+00 1.011376641698317158e+01
2.754287716971848710e+00 -1.594955257189901943e+00
