# Antenna elements layout
# Station label: stn.381.N9-1
# Number of antennas: 256
# Station diameter: 35.00 [m]
# Antenna minimum separation: 1.50 [m]
# X[m]  Y[m]
-1.137936889680720753e+01 2.294564005505872473e+00
1.549238131878669122e+01 9.253904901230960434e-01
7.630878376838062138e+00 1.404104028471466492e+01
7.144958076561486848e+00 -1.141803124949193204e+01
4.042883775021891779e+00 6.099969337447213036e-01
9.542790560329638794e+00 -3.349047578706455752e+00
-8.276268874142100884e+00 5.226585943119122390e+00
1.091643922397945943e+00 -8.310567111902589232e+00
1.037376958846512309e+01 1.029991634557399394e+01
-5.982542126915905811e+00 -7.666831980745765662e+00
9.175869537289894851e+00 1.317097860840193135e+01
3.713474252393975661e+00 -5.162852104429456190e+00
-2.482482527078495593e+00 -2.636359128433666044e+00
-1.472901788334935880e+01 -3.829513493336593299e+00
-2.091398801260568874e+00 -1.177990582089124416e+01
1.606379282935706954e+01 4.370235739064419533e+00
6.804475278753255196e+00 8.834250854484618998e+00
1.381516760389541432e+01 8.470391478644060612e+00
2.593112381708841951e+00 7.532287524384436495e+00
1.260485667670933552e+01 4.520720536780146404e+00
1.140816694518786178e+01 7.712549300375503236e+00
8.050520862833558056e+00 -4.405723581364609842e+00
-2.801008197451970716e-01 1.081679390306576138e+01
-4.618960991214322576e-01 4.410917892124324169e+00
2.458060633715820842e+00 1.202861766997101256e+01
-9.252940283476833727e+00 6.274255905513221876e-01
-5.033063886982020563e+00 8.656144999546768304e+00
9.020083769682191388e+00 2.260508390992836070e+00
9.009590221306343238e+00 6.317373394910376305e+00
8.436719148730755791e+00 4.176576597529006563e+00
-1.483362827696468322e+01 4.064137373047373103e+00
-3.739656675088980364e-01 6.208210037169376250e+00
2.418179860517653879e+00 1.539147399069691602e+01
-1.198335937834558607e+01 -1.033962676749927745e+01
4.990314890504023992e+00 -2.606070057653628425e+00
-1.331069737839462874e+01 -4.442309253077480591e+00
-1.219445449125018932e+01 -8.743862224196544020e+00
6.235817225907034356e+00 -6.190129698499413635e+00
2.738152309901629167e-01 1.579949175235363867e+01
-8.726407991348269277e+00 -2.910915522313121784e+00
9.761926371903260957e+00 8.845877644998747513e+00
5.757163470780778169e+00 5.642755595405098745e+00
-4.862684199939874219e+00 -1.503598060468043940e+01
1.239772738894887283e+01 -4.287432455062274883e+00
-2.130740951387867455e+00 3.341214535513817196e+00
7.806922202000347255e+00 -1.369485643986759271e+01
7.939150380459409462e+00 -7.951325787462808492e+00
1.010406870234127297e+01 -6.417420372251939398e+00
-9.245447598718333992e+00 -4.738023485302772286e+00
-1.904778640377761789e+00 -6.186531265878407737e+00
-1.465705455826149617e+01 -2.218843729204422743e-02
-8.796845084480757748e+00 3.017560680303560616e+00
-7.625667931632225560e+00 -1.013908435714885492e+01
8.775223325704093469e+00 2.644319535414076938e-01
-1.041801074059413779e+01 1.227524135934734772e+01
2.118658417051364040e+00 -5.291151215938317165e+00
9.903698234409006318e-01 1.382512605969082742e+01
1.112574681472393934e+01 -3.238305297696536300e+00
2.939489162888918372e+00 -7.677145199017269661e+00
6.684769354908628003e+00 3.793309899590006751e+00
2.307082428914689842e+00 9.000287797481512087e-01
1.044639480329686521e+01 -2.152262665914150830e-02
9.861240061067160667e+00 -9.023226486838428428e+00
9.960284086705843976e+00 -1.246304750310100573e+01
-9.970206173872746547e-01 -1.290974282301056419e+01
-1.599926352601836399e+01 -1.621390712056292926e+00
-5.297922304686755623e+00 -2.826135418846646985e+00
1.209035489066925706e+01 1.046178810600932962e+01
-1.502631061632328624e+00 1.599074443675576163e+00
3.012292669718323879e+00 9.768518666976714115e+00
-7.784974625160927530e-01 -7.994388353011290249e+00
-1.623400284631973278e+01 5.603559988486814802e-01
-1.128700303734806099e+01 -2.014031729541143179e+00
-1.359096385221300096e+01 7.595652625195359775e+00
-1.012675704394535359e+00 1.488375312320864197e+01
-6.700808938996908992e+00 5.350598527441913888e+00
6.785641331022283396e+00 -1.161221768098499751e+00
1.322163824952141908e+00 -2.605927293532744216e+00
2.517299254115002327e+00 -9.719013515328034813e+00
-6.762107983028926128e+00 3.416748022580208044e+00
1.182178254877211998e+01 -7.265722111083260160e+00
-1.337702122758624768e+01 -6.504806506140264233e+00
8.452532988533210556e+00 -1.000470062228165702e+01
-4.918174746653949825e+00 -1.232840020168366557e+01
4.937098297089985266e+00 9.981356396910761930e+00
-1.352739891088634216e+01 5.528104071417434540e+00
-4.009625852911225863e+00 1.164529206902276570e+01
1.110288906023384570e+01 -1.035671668163257308e+01
3.403294389587543378e+00 6.210957560938336286e+00
1.384854824343877766e+01 2.254634107721340541e+00
-8.181866580132181710e+00 -1.319467987538406284e+01
-1.125975740898508271e+01 -6.941287879135812133e+00
-7.727197959152874773e+00 3.620195083423638494e-01
1.120762564726939914e+01 2.465535668447632389e+00
6.475848413762079758e-01 -1.298945762975994000e+01
-7.228809282021519067e+00 -1.451161495114654088e+01
-5.304949456375087635e+00 4.575515683305937387e+00
-1.295955392510364135e+01 9.742406079287636800e+00
-2.875655448009325710e+00 -8.467946450018146720e-01
-8.404477163071948809e+00 7.770018893804014226e+00
-6.400903216709012966e+00 -1.533186088442175077e+00
-4.703244565905251307e+00 1.556076599120819992e+01
-1.181400095621875046e+01 1.148631571696332543e+01
-6.372603936380158984e-01 1.291909552866825805e+01
1.257795798092761075e+01 6.744419373742129409e+00
1.199347570690278886e+01 -1.631321421105738523e+00
-2.496975661002428737e+00 1.300128388428456816e+01
-1.025236651215003292e+01 5.029917856701686674e+00
2.980751233281992540e+00 -3.455148834766374577e+00
-3.064082920435252433e+00 9.130669273005036501e+00
-4.763280039594910420e-01 -1.672488866474112257e+01
1.397233704044950287e+00 1.054201497263025189e+01
-4.452813289873713387e+00 5.463624404761020514e-01
2.856716479626289384e+00 -1.498229975886935428e+01
-1.095628760369216437e+01 -5.230988634621782651e+00
4.327326886864906186e+00 1.373037249078640443e+01
-2.384822645522966411e+00 -9.209929601991992953e+00
8.590879091383349930e-01 1.542909932726743705e-02
-1.499324065627629921e+01 7.018886723182898635e+00
6.210934408939337459e+00 -1.478623194384379680e+01
-4.579673317682560807e+00 -9.364615200744880852e+00
6.154064806839649293e+00 1.331408640189262016e+01
-1.261068975381981971e+01 -1.215167378970757994e+00
1.604438073617556171e+01 2.635444859238464943e+00
-5.386099121717720095e+00 -5.741983822544229454e+00
-6.922534345508754683e+00 -3.836809588747684074e+00
4.490079729336827086e+00 2.793083774364557570e+00
-7.382903429279300767e+00 9.223757067935981269e+00
-3.601209986179583211e-01 7.838718086647858740e+00
-6.267973554197295627e+00 1.282024301038832448e+01
-3.631772083217299496e+00 -7.392195732540757902e+00
6.347449610791791486e+00 -3.471678711811366114e+00
-1.170313235806535879e+01 5.945946895320695091e+00
4.616511482956124013e+00 8.407763678242147876e+00
4.562910784852999058e+00 -1.203524072873182860e+01
8.248337976894323020e+00 -1.537528361973786062e+00
-1.109272715902141115e+01 4.189953500576066858e-01
1.455533068676476915e+01 5.751515535832215420e+00
-1.627852017110820171e+01 2.647473035840409494e+00
-7.805671883442450110e+00 -7.732109550664324260e+00
-4.599651109503355428e-01 -2.991345747273609135e+00
-1.347645516384752185e+01 3.070048776918469002e+00
-1.018684949852384136e+01 -1.260630330968850998e+01
-1.083191530339197328e+01 8.885772168444930230e+00
5.338416594252226588e+00 -7.716362727166581337e+00
5.885053292602190567e+00 1.985623158479583594e+00
-7.653949061617582927e+00 1.417919103250131485e+01
-5.781977529140624128e+00 -1.103325020859636041e+01
1.078555948365375983e+01 4.981844005533726971e+00
1.628424149436256840e+01 -3.316385156172422910e+00
-1.390912611753939032e+01 -9.166698805969279107e+00
1.512381730173058259e+01 -7.542420343450686460e-01
1.023625942786916099e+01 1.203512366373536224e+01
1.490810165207318505e+01 -2.465907965229867216e+00
-8.799626092209491546e+00 1.280080486953191610e+01
1.486920736430832335e+00 4.824870844006316162e+00
8.560276798306240664e+00 1.104182016723033399e+01
1.253356986511447246e+01 6.416654337186571411e-01
1.434163887132613624e+01 -7.024302644066546364e+00
-3.793516694854904614e+00 -3.443518917822911973e+00
-1.185788123036675046e+01 -3.442675383891650398e+00
-8.561953221818884074e+00 1.128833191743678555e+01
1.550225899107820737e+01 -4.961447774498754626e+00
5.042090487850739322e+00 1.170018880466553313e+01
-1.340875722686936911e+01 1.432528212744717422e+00
-2.768292877449445299e+00 -1.421441888030489764e+01
-4.181321541595131919e+00 1.333137972979568175e+01
1.263640389946558429e+01 -8.657896667249175948e+00
-3.910626206651363290e+00 3.740266320165318348e+00
-1.727200891164336838e+00 1.659545692928841021e+01
-4.548229237777388079e+00 6.795903122363149862e+00
2.622169512385440271e+00 -1.011309558983434442e+00
1.932965079021080612e-01 -1.002502540726962721e+01
1.030033940154635275e+01 -1.605021765768196218e+00
-2.644225328177929768e+00 4.985143320421506985e+00
1.332157416993677757e+01 -5.862771932400816510e+00
-1.048898995853494753e+01 -1.073574014274218236e+01
-9.539647282785963966e+00 -8.784483648215605456e+00
-9.457826533629079435e+00 -7.137057239391809915e+00
-2.998886832958636006e+00 -1.580816923606609947e+01
-8.131150950022917101e+00 -1.155243326798273884e+01
6.645581138576019953e-01 2.212727441084709312e+00
-1.205505840219391445e+00 -1.506653050883632794e+01
9.980610946677902717e+00 3.415443566990532531e+00
4.414003771907012208e+00 -1.591653279514642172e+01
-1.785033883177977287e+00 1.151266473112395872e+01
5.376170283632394131e+00 1.554117425550358433e+01
-6.229662125914746440e+00 1.595968868042223932e+00
-6.345006346336910852e+00 1.501522821536827479e+01
-1.786541319550941864e+00 7.206837443940084853e+00
-7.818629971727055761e-01 -1.435886254247790816e+00
-4.500551699899579816e+00 -1.120613774087996006e+00
-3.036367290336059455e+00 1.531768691862946952e+01
-6.583034780691805921e+00 1.120659339656815234e+01
2.108927380114277383e+00 -1.262561741814825389e+01
-1.501875037816738967e+01 -5.821669887187514547e+00
-2.809411755072694916e-01 -5.155697710417303625e+00
3.198060250415348804e+00 3.796585349279631316e+00
7.212075938602140468e-01 8.900145981284829588e+00
1.008056653967600980e+01 -4.856827851476777980e+00
-4.139555580190526385e+00 -1.102034772476443614e+01
-8.269786185153160218e+00 -1.439579082139214705e+00
-6.330947130452996063e+00 7.356243482056243010e+00
6.524370651653541131e+00 1.126207515266584736e+01
1.389522966009198157e+01 -4.112570813250087554e+00
1.342027162431531195e+00 -1.437911226412812127e+01
-7.797408236593028619e-01 9.296730109770425798e+00
4.620159762610889231e+00 -1.389623450202767785e+01
-3.857549749571862918e+00 -5.029454475544939740e+00
7.466321643079375292e+00 1.069725035083703091e+00
7.884530263088503688e+00 -6.125366838629693333e+00
5.312779360042728882e+00 -1.062740147059468221e+01
-9.340286416239134581e+00 9.568631005608605022e+00
-7.211131493377617829e+00 -5.323942187707832119e+00
1.502559480539809300e+01 7.238402294743849552e+00
-9.995998164346048043e+00 7.056405307318211584e+00
1.353508507439725506e+01 -1.160498904352930793e+00
1.099086128896907155e+00 6.933457082774115321e+00
-1.577828950039189060e+01 5.517550956002590823e+00
6.262962867229685315e+00 -9.266157190064225446e+00
1.413119129115546357e+01 3.991174418361516985e+00
-4.982799499728871595e+00 2.441883682502822950e+00
1.636300539516991392e+00 -6.903058742454165397e+00
-1.376827540177171727e+01 -2.555773915506707183e+00
7.144744762402368110e+00 6.822734359174607022e+00
-1.022959609427383398e+01 -3.095194960126693928e+00
8.201822049147210691e+00 8.125953120587691814e+00
-1.199809981360875888e+01 3.961818604198132476e+00
1.362783299393118597e+00 -1.616611138248838486e+01
-2.336584400748080270e+00 -4.667732268452475353e+00
1.426332322394989660e+01 -8.691870577721047653e+00
-3.511845997622680571e+00 1.983713449360699599e+00
1.315994414114221911e+00 -1.102872009943440723e+01
4.399308057646361902e+00 4.979102094928990141e+00
2.987338897855249087e+00 -1.115258429078221880e+01
2.270071131921735486e+00 2.429922017477313290e+00
-5.235691705784937255e+00 1.027034049693065043e+01
4.839176106090004481e+00 -1.009447947695843339e+00
-1.641218691328269585e+01 -3.295777381356243652e+00
2.549991431290457911e+00 1.370414776082519737e+01
9.648584593926443631e+00 -1.099312848441133639e+01
-6.114221194547276639e+00 -9.481933366033091559e+00
-1.207476667861270414e+01 7.776847474150088146e+00
-3.087349758560584689e-01 -1.144923094462466295e+01
5.206773539054619704e+00 -4.659382855942752144e+00
4.194259931434480393e+00 -9.242842607544048406e+00
1.268804272833082436e+01 -1.037073552027941581e+01
7.529072581097530303e+00 5.371354386012217930e+00
-1.362876302016786667e+00 5.565086467106183932e-02
-6.663995063048149703e+00 -1.276419979732399490e+01
1.170803465623625428e+01 -1.194780125812419769e+01
3.979277007593729820e+00 1.610092605996433690e+01
1.164327689582409775e+01 -5.688061398009287117e+00
1.319195855409940066e+01 -2.782315276613108068e+00
5.865097001216206252e+00 1.330276546603812449e-01
-1.507712409815741950e+01 1.572066986955821477e+00
