# Antenna elements layout
# Station label: stn.261.N3-1
# Number of antennas: 256
# Station diameter: 35.00 [m]
# Antenna minimum separation: 1.50 [m]
# X[m]  Y[m]
2.370169457234450050e+00 -7.168352167220076510e+00
6.303199326544277170e+00 -8.341553995971027646e+00
8.455493250721968224e+00 1.006950970028342240e+01
-6.519750980305852650e+00 1.499533827831825050e+01
-2.912875478746862257e+00 1.752827909770530823e+00
-1.639486926688548252e+01 -2.954065771131306306e+00
9.937368982845786292e+00 -1.087241523862760495e+01
-4.749854480433226556e+00 9.468235248134487136e+00
1.473922092302041165e+01 4.786926353362602526e+00
-1.051606092188193387e+01 8.409577731068221595e+00
5.735073007175408577e-01 -1.019063404959620733e+01
1.584808591094926555e+00 4.315574227411936192e+00
9.696909274645332033e+00 -9.915327814352430380e-01
-5.280643244932164748e+00 -1.470000785548140954e+01
-1.556968102876632187e+01 -4.862982918098172291e+00
-1.058773589805038995e+00 -9.606542064834837191e+00
-3.920003772990737545e+00 5.499826396403538098e+00
1.239844789515680290e+01 -2.518358163124855054e+00
-7.033995165480764200e+00 1.131799178021449848e+01
1.055572498205197718e+00 -5.378610954143436373e+00
3.588327520229725565e+00 -8.094516167382057148e+00
-4.207665293282058627e+00 1.287459710150091041e+01
1.399959770439659579e+01 8.807410264991631266e+00
3.780205689051673090e+00 -1.000986230309031555e+00
-9.561015167065065157e+00 -6.741750501228956693e+00
-1.082572571429537689e+01 -9.431681571705675893e+00
1.305652556614542092e+01 -3.925039743295169359e+00
-9.234088171131835665e+00 1.299841253762674498e+01
-9.423648092426510914e+00 3.147839197773556918e+00
-7.720712592754932047e+00 3.532103930407437531e-01
-2.889191001137426440e+00 -1.209978004852304068e+01
-8.327824689945490633e+00 -1.421608042119485660e+01
2.650079939514796479e+00 -1.505700892852352624e+01
3.644666976350425358e+00 1.308181239017439879e+00
-6.043410390328549653e+00 3.632828344776665830e+00
1.120863724352551927e+01 -1.291470047840114432e+00
-5.121934080207175555e-01 1.391325146437483795e+01
2.160760044014942594e+00 1.567951127101968467e+01
-3.901597980883185102e+00 -1.060749724717101117e+01
-7.815743852178126616e+00 -9.807407145460846465e+00
-1.259408268830501498e+01 2.912000274574005232e+00
-9.717559149236052463e-01 4.371932197600525427e+00
-4.067597950309876254e+00 1.576201590990409329e+01
-1.116166586268237459e+01 -5.388876372023609918e+00
-5.031251709780063308e+00 1.859615327311171740e+00
-7.385002958375659787e+00 1.358296529876035663e+01
-1.136976185107452864e+01 -7.765228134573037622e+00
4.805074663639864241e+00 -9.181369488168147797e+00
8.159779195185539180e+00 -3.933644575303862467e+00
-6.349822226243317047e+00 -6.436174085466930705e+00
-7.067965615307734595e+00 8.054135442019852320e+00
-1.891211216538088991e-01 -1.086098111800620103e+00
1.232186300514915800e+01 -1.121278715420364591e+01
9.406212433096769132e+00 -6.413701345195011783e+00
-1.411027289654517958e+01 -9.855200375516588451e-01
7.755803889381176930e+00 1.250505806774448914e+01
9.497611362166260562e+00 -1.280174993807238337e+01
1.092999467054240981e+01 6.246065850348642812e+00
-2.633183418727874425e+00 -1.578452171635763435e+01
3.451777661617363435e-01 -3.099227378984231507e+00
1.389120044085795413e+01 -9.245429523109695680e+00
-1.142572203862815172e+01 1.473481198289782412e+00
5.844564474540273835e+00 -1.443776753144103786e+01
1.100097361255062722e+01 6.182205166864633838e-01
1.543815312753146429e+01 -2.111549500019595627e+00
6.967179342482115345e+00 3.211750018706020171e+00
1.060586356674075859e+00 -2.541208907558818453e-01
-3.418321089376282984e+00 7.748676108197702916e+00
-3.800185534963230083e+00 -8.359941892105112515e+00
-1.524882262808645805e+00 8.277146067142787444e+00
-1.483208926034012975e+01 5.271393960356473229e+00
7.170387760155001899e+00 1.414951905226304874e+01
-5.598641833462739470e+00 6.225343268404081698e+00
1.381771871865551660e+01 -5.927949348817588060e+00
4.921792330795774717e+00 1.107872303853620366e+01
2.961519219320592811e+00 1.234007157737913118e+01
-1.602815068368080276e+01 3.079013182041411056e+00
-1.224595619880600239e+01 -6.446602738390497578e+00
-5.645061884982659706e+00 -8.005815609699922675e+00
-4.843625530502384535e+00 -2.485711545119038135e-01
4.490716423907155530e+00 -1.595710479997680942e+01
9.389717348902479443e+00 4.452411072178360740e+00
1.160090134971700593e+01 1.153066297256076567e+01
-1.158750770639834116e+00 -7.172712550893631800e+00
-1.039596212048653001e+01 -1.067296515222452058e+00
-1.248669331768538093e+01 -4.438364521209855695e+00
-4.214797871945338059e+00 -1.346376084844128229e+01
-9.232848692593869089e+00 -1.230434956458821993e+01
1.518284275899738844e+01 6.856176032172776047e+00
-1.459233362450245508e+01 -8.220698358348005996e+00
-8.776651548227540900e+00 -3.127391039720276211e+00
1.191298591358836134e+01 7.907976058120699037e+00
-8.599525456873504226e+00 5.267576974943903423e+00
7.586251203396980003e+00 -9.844793092900800957e+00
-5.635239693030330344e+00 -1.106755263128744105e+01
-8.529956816698074817e+00 -5.197420397208418308e+00
4.381407587561959360e+00 1.514965170571578312e+01
4.967346497827577423e+00 2.988993851498378262e+00
6.248353944939672999e+00 1.396493645229803349e+00
9.019211453912959087e+00 8.291925314198849151e-01
1.401613374536905710e+01 1.921182479283125133e+00
3.478523051384424747e+00 3.671303851844765376e+00
-4.139026287946382610e+00 3.090939593001341024e+00
-1.252421507087371388e+01 8.701212913830474349e+00
8.122039875405185683e+00 -1.133552916647060371e+01
1.082390250015319211e+01 -9.560782889076934410e+00
-3.736024220997613554e-01 9.610773641753887375e+00
-1.122982722345273032e+01 6.916254600039351885e+00
7.961831201428299920e+00 -9.785355942560869380e-01
6.408132889367490037e+00 8.668742629917748133e+00
9.004541759618689412e-02 -1.324981268873450801e+01
9.577278228042331421e+00 1.223456684011748408e+01
-1.190591319421633365e+01 -1.511681855389918283e+00
-9.346557916724773207e+00 7.735067610814283512e-02
8.996408182670414533e+00 -8.375167448654595503e+00
8.115194693332082210e+00 7.999377597041601007e+00
1.267799585423568587e+01 3.537378742934549791e+00
2.920118823484639137e+00 1.396773332756938402e+01
3.816839206116089400e+00 -3.029393249937804455e+00
-8.707916141182872494e+00 9.520937907270063505e+00
1.394654122090998882e+01 -1.256746927524986290e+00
6.313132437249155515e+00 4.704484379567830388e+00
5.077819662052313276e+00 2.798611523108220922e-01
7.169817175950722543e+00 -5.949787561531767466e+00
3.834628811930294034e+00 7.582675348916566804e+00
-1.100715762601189951e+01 1.177171601270165269e+01
1.998142986243507835e+00 -4.046327270302544576e+00
8.335306093367442770e-01 1.167763454157717362e+01
-1.084580900703270423e+01 -1.182557133214449152e+01
-7.614754536816640496e+00 3.748587461368369844e+00
9.306252238212628924e-01 8.399623716302485832e+00
-1.168079081688297549e+00 1.695355024708760538e+00
6.028631821454215611e+00 6.975776242999820909e+00
5.712168048666935505e+00 -1.091077939117514894e+01
-5.334344463332740816e-02 2.837955690171096279e+00
-7.666187029817130849e-01 -4.222708960750821916e+00
8.725134705638843968e+00 1.386355863713633596e+01
6.497721653226840033e+00 -3.576931085346569006e+00
7.341909588351740013e+00 -1.298664325058537017e+01
1.107109010950971495e+01 -3.605369313870872006e+00
1.181981868568832894e+01 2.291757926833774661e+00
3.830305885915514352e+00 -5.526755575183317504e+00
3.967219370667905309e+00 5.189599720605624356e+00
5.704493956140467503e+00 -1.996016669070677096e+00
-6.667952368239792094e+00 -1.686185706899326675e+00
2.252413017730486189e+00 6.732923191954366615e+00
-1.053858875141482798e+00 6.676096815919503769e+00
3.821567451254992420e-02 -1.502747164590257078e+01
-6.692620452138001497e+00 -4.712174775364083246e+00
-3.227787930510569225e+00 -4.834669444962603535e+00
1.091215209411573639e+01 -7.416452740060808679e+00
1.505707664082983399e+00 1.381454227641292221e+00
1.097209782977322590e+01 9.948274094521710964e+00
8.602886748433284936e-01 -8.062036112805319732e+00
6.112843738908292579e+00 1.251921353738319098e+01
-1.422018158857523851e+01 -2.563330538037016382e+00
-1.341693795936381228e+01 5.582463267285788788e-01
5.305092191129617163e+00 -1.298710312435122383e+01
-1.425527987929896767e+00 1.198637192195707968e+01
-1.544471395691018500e+01 6.394867191804642914e-01
-2.027460774090268814e+00 -1.155454822990041208e+00
-2.848168595116229440e+00 9.977799956209171484e+00
1.578286603002509025e+01 -5.083424583500905314e+00
-6.143783571991844994e+00 -1.281529221458664125e+01
-1.392949644925415953e+00 -1.275322559655293020e+01
-1.200624829404770111e+01 5.339791101398475348e+00
-6.674257696854956734e+00 9.697994393216706754e+00
6.711249353889634506e-01 1.615772433871661207e+01
3.832785062606276938e+00 -1.172476607627855927e+01
1.286204773077376018e+00 -1.631488188206444789e+01
-8.350683907033181086e+00 -7.801857729214853876e+00
1.608890417559862129e+01 3.488604770402282895e+00
1.565243756229372707e+01 1.606566435777683211e+00
1.065793841078938797e+01 3.572583859235937354e+00
-1.466376307079410068e+01 7.143834544378403706e+00
1.324767984995406067e+01 5.637189344485374676e+00
-1.110497855933726363e+01 -3.629762539632332974e+00
-5.177826613450410065e+00 -4.961354487697265725e+00
-1.286979118944902467e+00 1.658399595479508548e+01
-1.398421689031484405e+01 -5.554325003976712694e+00
-1.580250032768577562e+01 -1.088869378937758370e+00
1.159549424129365747e+01 -5.957699867746374167e+00
1.346382977863701313e+01 -7.761300990349912610e+00
-6.952545398026295231e-01 -1.139307862947401340e+01
-3.450058412491863180e+00 -6.661100703331026551e+00
1.511972959362142888e+01 -5.571079729883265941e-02
5.292292676077227753e+00 -6.908241152770198568e+00
2.187492352868151357e+00 -1.633183013789764715e+00
-1.414887678755985512e+01 2.818103515985413310e+00
-6.964305674394877244e+00 5.573498246187625682e+00
-2.600763801237690132e+00 -3.086542628517703335e+00
1.269526856289719774e+01 7.032656212231707116e-01
7.693467720478150085e+00 1.866081699652372805e+00
2.650034500105604707e+00 1.051724793165302785e+01
2.377979650713591298e+00 -1.223814781422037612e+01
8.843527969767528418e-01 1.320989391303917060e+01
-9.553330202533157234e+00 -1.078449075141250368e+01
-2.848869989827033322e+00 1.363084226168284374e+01
-4.531213712548870731e+00 1.138161852942037200e+01
-7.384607678101282602e+00 -1.130029545254783407e+01
1.204863820740891001e+01 -8.462844307267973321e+00
7.229161479340145746e+00 6.006242307062208852e+00
5.112877135790636629e+00 -4.586489812291819845e+00
2.117497001151846803e+00 -9.972810125565230166e+00
8.995503163670186098e+00 2.772798875036706079e+00
-1.184963849748815079e+00 -1.660097167052752454e+01
-3.667495216006821934e+00 -1.993866672170314658e+00
2.683519200497364920e+00 8.879942486589026629e+00
1.287137179538795806e+00 9.886005967419475127e+00
-2.740362003036715066e+00 4.008065928944059664e+00
-6.498152662207974828e+00 1.411078657076959786e+00
1.664631737098034847e+01 3.043863875598908919e-01
-2.655464408129025955e+00 -1.407745994052952199e+01
-1.283090033838951527e+01 1.022875584001264215e+01
-1.019798876456535197e+01 4.996763093882211848e+00
-5.237506070748223053e+00 7.738461044624010299e+00
-2.414374842029085144e+00 1.508644062632730964e+01
8.744168058839211000e+00 6.530311936523439442e+00
1.277539342863939709e+01 9.935788191320021667e+00
9.241682108863688683e+00 -2.759209443196319000e+00
-1.228346985191205931e+01 -1.076974371112886786e+01
-5.909229093485853568e+00 1.248440848206888631e+01
-2.659048643040019755e+00 -9.409956836417004311e+00
1.099340222343801088e+01 -1.195475078832050286e+01
-9.080128056834942285e+00 7.269659438352338299e+00
-1.135890523937480445e+01 9.757982744287417631e+00
-1.324428909068971549e+01 -8.985707519350278005e+00
4.414923203967841658e+00 9.256781740395695124e+00
-8.603201727008610078e+00 1.124501756628983173e+01
4.723401225284838745e+00 1.328479804941641262e+01
1.014466915409794368e+01 -4.861838661008210494e+00
-2.040451279979661692e+00 5.512460537006717232e+00
-1.296050164326660692e+01 7.212573698360259300e+00
-1.108296609605901750e+01 3.443015889801610996e+00
-6.993902966849296021e+00 -3.232679946088540035e+00
8.082794293790151130e+00 -1.450304344543630997e+01
6.234849259746404471e-01 6.337542031152604949e+00
-8.399502510005396161e+00 1.724498445723753548e+00
-2.838121238038745275e+00 1.329718243059154759e-01
4.134083778113581076e+00 -1.392806316931869759e+01
6.409713790480871864e+00 1.074135076091050323e+01
-4.931910346230420572e+00 -3.286623462635438031e+00
-1.412534870310189739e+01 8.883010656751718415e+00
6.686284142117397522e+00 -1.543643616837577781e-01
1.318823950416643243e+00 -1.424580772569987985e+01
1.618602746436710049e+01 -3.619620757464179661e+00
1.034024424466283421e+01 7.772569036594745739e+00
-5.094877526594549622e+00 -9.511617704185807654e+00
-4.845269400753020150e+00 1.439685779080829420e+01
8.280829007381420581e-01 -1.193971365550778962e+01
-1.523783518707713647e+01 -6.436289799217952634e+00
-1.762125266147382519e+00 -5.477111229378007096e+00
-1.330019985213231593e+01 4.249846028589530533e+00
-8.373588904612002892e+00 -1.084107219861046190e+00
-1.660405235308354932e+01 1.611155122998116695e+00
-6.804436704328622909e+00 -1.507841948953321776e+01
