# Antenna elements layout
# Station label: stn.367.N6-5
# Number of antennas: 256
# Station diameter: 35.00 [m]
# Antenna minimum separation: 1.50 [m]
# X[m]  Y[m]
-9.905657572277203116e+00 -2.178946946019173936e+00
1.465460684927519708e+01 1.922861913208624429e+00
6.957736091857434246e+00 -1.100316257379280671e+01
-5.233351087749181119e+00 -1.487558996253591204e+01
8.748462146760743963e+00 -3.507842211371269059e+00
-1.454524472710160943e+01 -5.740165931777745811e+00
-8.503231832396096479e-02 -4.349565380415254978e+00
-1.361545219704603582e+01 7.950531005539396290e-01
-7.895053882347440322e+00 -1.064619439892436326e+01
-7.918075286203922758e-01 -8.410719988004746739e+00
1.193305197023047270e+00 8.705195389007588602e+00
-9.768452578087476468e+00 1.287448192822888871e+01
9.558354900464063775e+00 1.141809273616325626e+01
-5.749924604437630649e+00 4.838517355290701261e+00
-6.119247086095315424e+00 -3.126581730900907630e+00
1.122966531288683356e+01 1.073439228391201894e+01
3.065450776138050060e-01 1.328446667514647572e+00
-1.500535401423403314e+01 7.248480926985845230e+00
9.377128265753707836e+00 -1.469359986673143936e+00
-1.174936988790565096e+01 9.129717393086838939e+00
8.456674499484488905e+00 9.737426382366532351e+00
1.744613527628153804e-01 5.267475159764803294e+00
1.035591493805721797e+01 4.216948503829094363e+00
5.074896202825303959e+00 1.438784901980801578e+01
1.515672041991891206e-01 1.481943415403907238e+01
-9.131482302447818000e+00 6.349541695662164642e+00
1.512113928486148495e+01 6.610112516748483102e+00
-2.177283355601883130e+00 1.161595227712064471e+01
-3.416797676605526135e+00 -8.399607626789002524e+00
-1.339454952217569783e+01 -9.040609384712293917e+00
-2.156656298085767531e+00 9.266546388249398802e+00
-6.007056011186783451e+00 6.376290989780137863e-01
3.964765487719823511e-01 1.014695501518486154e+01
1.048244320643430427e+01 -9.044757366280050448e+00
4.435451285007449229e+00 -1.300066056293291084e+01
4.490299843747518338e+00 7.799596424599123168e+00
9.062351286528915750e-01 -7.893530417330048010e-01
-2.949295882242529032e+00 -1.357770791305842017e+01
1.024450673323430649e+01 -1.058516760199049145e+01
-2.229948231864442576e+00 1.464604247857521102e+01
3.112540298722290544e+00 1.134317309149848541e+01
-6.980349559265562220e+00 8.944376333176641936e+00
6.556350668174005136e+00 5.342261072300164670e+00
-3.235497147717403266e+00 1.324935090824098438e+01
-6.436848979355742628e+00 -8.445968320171340693e+00
-1.173417801103302693e+01 -5.826491516588554020e+00
-6.975496765315945424e+00 -4.785697194389559428e+00
1.193564229968772494e+01 -6.634878841067298083e+00
3.422843628415673578e+00 -5.301688946938444502e+00
-1.097260983140426482e+01 5.370704939684660673e+00
9.661884871991624379e+00 1.373878130351453564e+00
-7.058718859065432838e+00 -7.054239736233981262e+00
5.332724369662528829e+00 1.035413235008835642e+00
9.832715433378645287e+00 1.332220885021462564e+01
-7.216745864448856906e+00 4.171251177594221815e+00
1.261130955389905850e+01 7.156128845287064166e+00
-4.047296846264552883e+00 2.156595607955438254e+00
8.170982558389269457e+00 -6.663881090627665316e+00
-5.739857156284838169e+00 1.507082167037805220e+01
1.058826607605670489e+00 -8.040005076200044343e+00
-1.438078008272181307e+01 5.207937928690423490e+00
1.402937224161119190e+01 4.330125639367793156e+00
-1.904286606600196663e+00 2.900147489599625317e+00
1.405853133726531112e+01 -1.814394487891556551e+00
1.269120100014492181e+01 3.656439045559984891e-01
-1.017879576332439662e+01 3.102309060388503070e+00
-2.731269301275277783e+00 -6.271297679689876503e+00
7.046574842340053380e+00 1.088117019048716827e+00
2.842272772365888045e+00 9.120406998457561087e+00
-1.040088321516208225e-02 1.267668102921490458e+01
1.212905018782529964e+01 5.541202749962280905e+00
-1.367941722348087907e+01 -4.078932914347076277e+00
5.536900008532196438e+00 -5.778022063934717067e+00
-8.606891054532074037e+00 -5.332846494695479223e+00
1.592839960452081982e+01 -1.395764004451827134e+00
-1.003113620073034085e+01 -6.572453901997558745e+00
1.238555927803104950e+01 3.618348505497095857e+00
-9.159934365960742397e+00 -3.721123982889302795e-01
-1.438740297092602205e+01 3.042388317888544691e+00
1.021357858062183155e+01 -5.907924026305995113e+00
1.487629278752105932e+00 1.224114209292277167e+01
-1.043861781091067797e+01 -1.138137177639076825e+01
3.116132106591745554e+00 -3.749604543006130442e+00
-6.726565263667591665e+00 -1.186542919761114945e+01
1.542303381315440447e+01 -5.740934610276774208e+00
1.230775954782002657e+01 -2.577822495971522798e+00
8.043658963848855592e+00 7.295383884145071107e+00
2.716864184117500969e+00 7.036454288971238924e+00
-1.106545044821690027e+01 6.824465564843897880e-01
1.951854391845202485e-01 -1.200570191604622394e+01
6.114249048970389566e+00 1.007058791455472857e+01
5.250568462261327340e+00 -8.861558572202721251e+00
6.797136559104686171e+00 -1.453350216936749284e+01
-1.235484762759430311e+00 -1.565803799628108450e+00
1.060040565320907291e+01 -3.506536398799434906e+00
-1.253890917673286332e+01 7.613742205522413542e+00
-1.335514408360563010e+00 9.289774023077193021e-01
1.944263084100462891e+00 3.962988349940530952e+00
-7.654070973620317631e+00 1.472558983927534371e+01
3.592138909785234091e-01 6.763036931326929846e+00
2.998556119051034585e+00 2.436718014700574031e-01
-9.350282792928199527e+00 1.477202887756622118e+00
-7.088975570263073678e+00 1.747142092240714817e+00
-8.140348299344267957e+00 7.812309565955427360e+00
2.038649340513778441e-01 -1.508360758390378820e+01
-2.388376341406123871e+00 -1.640819854008075396e+01
-6.745298464690259621e+00 6.730185740187547339e+00
8.918978217755295645e+00 -1.389333568677884401e+01
1.387071500712503536e+01 -3.845926915639958921e+00
-9.994781428539106116e+00 -9.314500947409337428e+00
4.316340421473121580e+00 -1.023068769239707976e+01
-1.459772512102153641e+01 -2.766247960747794110e+00
-1.540078364021411872e+01 1.390877831321972735e-01
1.404563885092456132e+01 -9.001323872422760886e+00
-7.796594921695277236e+00 -2.632492082519283016e+00
2.534327507753250330e+00 -1.262965575146906261e+01
-6.220893403773089858e+00 1.288598856213419808e+01
3.392143740620490178e-01 3.075991391653492002e+00
3.595402053272419352e+00 -1.505323121110796158e+01
7.341572413336699299e+00 -2.770174184088656233e+00
-4.418998611936542531e+00 9.245760918130599748e+00
2.183804715657633011e+00 -1.061756269307881695e+01
-3.676409746917515875e+00 1.596351639779314269e+01
-1.150144151055750008e+01 -8.336544212157708245e+00
5.127816339242816213e+00 5.909524251219757218e+00
-4.776998648436112660e+00 7.055980133329111226e+00
-4.414879868635596338e+00 -6.915851228079707980e+00
-1.606435033825965419e+00 -1.478457716257157806e+01
7.746831211955800711e+00 2.969516930996711324e+00
1.191482643899689009e+01 -1.154690450617098563e+01
1.382941937903213514e+01 8.818204027141419488e+00
5.897246227377465289e+00 1.287562446685362261e+01
1.120989908141345026e+01 1.618945242629397541e+00
3.555016171403746483e+00 -7.422164457189479592e+00
3.670209628690024317e+00 1.571358132610598801e+01
1.676391362501771454e+00 -4.960225051096488258e+00
4.246537893426925336e+00 -1.194548631231899805e+00
-2.885446920971624252e+00 4.798725959819574172e+00
-1.011102172774732999e+01 -4.315321748257753498e+00
-7.186010261447508540e+00 1.141791081969533650e+01
-5.083881202736080240e-01 -6.091611002555145760e+00
-9.560752383842404001e+00 9.165164980660104987e+00
9.243112291088014132e+00 -7.866603323699186134e+00
1.018181781569972699e+01 8.749628499095010170e+00
-3.525740342838583175e+00 -4.322519953701421613e+00
-7.394758587389191007e+00 -1.448584632289540863e+01
3.605142598522839137e+00 4.974414393614996044e+00
-7.257618588805490489e+00 -2.539725951599507425e-01
1.372740023401199139e+01 -5.788275415105413657e+00
5.192703210606655517e+00 -1.153008588402325607e+01
1.465656648725701672e+00 1.664038838674908760e+01
-4.334404329217090179e+00 4.057104199661321076e+00
-1.137537476593353247e+01 1.168907383304293646e+01
9.497006271802803212e+00 -1.234945953805694785e+01
4.474704197356949464e+00 3.741160369635998961e+00
-1.227436360657509340e+01 4.168549223110211699e+00
1.249259377127892634e+01 -1.013132940274276805e+01
-1.807860501451536095e+00 -1.186633373740530573e+01
-1.212014409625749778e+01 -3.012967873250476103e+00
6.707391119547494895e+00 8.015909065656913413e+00
-1.952173255659177542e+00 7.173672744328779771e+00
8.609919239054239171e+00 -1.071412246674110946e+01
-4.689074940245699707e+00 -2.819275872674253947e-01
7.561664928665454255e+00 1.431975405422426562e+01
4.897981534205921861e+00 -3.401139943165807367e+00
6.738387564929688267e+00 -4.537690571624404257e+00
2.740544884309830564e+00 -9.016672243489102456e+00
-1.402633687020887265e+01 8.670589254641434707e+00
-1.632003738878092491e+01 2.104327945987449766e+00
-5.083911253269494779e+00 -1.312077318876230869e+01
1.025643073252819448e+01 6.288166894452778877e+00
2.081698403927585872e+00 1.485553705961726223e+01
1.476417721446581055e+01 -7.329413134232270366e+00
1.186873086843690572e+01 -1.024137040129595277e+00
-1.595737921064165477e+01 4.179508141285122491e+00
-3.354686881173305935e+00 -1.050139532981264701e+01
1.589946734862514433e+01 -2.913391099499717640e+00
-4.959116932548608858e+00 1.155330208721220941e+01
-4.911772822543605699e+00 -5.094266771154339679e+00
-5.515960071846738089e+00 -1.004964019895713712e+01
-2.796349703119989982e+00 -2.945330267680974501e+00
1.169943997991224194e+01 8.979673023351033123e+00
-9.749049461979867104e+00 -1.340692266945037581e+01
-1.394473350127241318e+01 -1.234796028538454493e+00
-1.266465611836510341e+01 1.091529264685436473e+01
-1.449297199423645033e+01 -7.397076750135777701e+00
1.802513812114671765e+00 5.571499723378117608e+00
7.222033014925941075e+00 -1.297657624343338156e+01
2.111266863018975926e+00 -2.519120733046309013e+00
8.292432648159529407e+00 4.630916362915435514e+00
3.131228060667961444e+00 2.680084031797374422e+00
-1.139497086191322772e+01 2.175894291954691084e+00
-3.098641548192301087e+00 -1.448719063030054599e+00
-8.598903634366154236e+00 -8.281572162757349531e+00
1.196071856316617499e+01 -4.521414683046918626e+00
-8.708863947432915253e+00 1.122143768231079619e+01
8.709359846908824920e+00 -5.043271566047929255e+00
1.675586497271165598e+00 -1.565662248734333062e+01
1.569292405031256266e+01 6.037215139929692498e-01
4.810114982890212332e-01 -1.349367546624210412e+01
3.831586526909507739e+00 1.312988043938843319e+01
-8.584573304594780296e+00 3.333426033270818323e+00
1.434187290856945296e+01 -2.332335286175784006e-01
7.587678458916396806e+00 -8.355214350292555991e+00
-3.715582039837315165e-01 -1.657544267212948341e+01
4.432087512616309510e+00 1.023443819686094969e+01
-1.575730084270525211e+01 -4.258136525614844459e+00
6.111459380488909687e+00 2.854685391050956866e+00
-1.126607996020942615e+01 -9.894719115630401518e-01
-1.116661109801281526e+00 -9.879131202292033009e+00
-1.420218858041458532e+00 1.651910118301390185e+01
-4.814044287699434932e+00 1.351624188089186518e+01
-1.256895643121623607e+01 -1.098171736451591940e+01
-8.570798891497624084e+00 4.875464260738571198e+00
-1.280427694071076061e+01 2.708663322486223990e+00
1.273304219527240377e+01 2.047582094441391831e+00
-1.274995888392320076e+01 5.697344052817022941e+00
7.457728385055407472e+00 1.129249121266315825e+01
1.685494012151877996e-02 -2.458584039233734586e+00
6.318375562474560780e+00 -7.332179051276657589e+00
6.581896062395109936e+00 -8.232858018991286997e-01
-3.317192175845304902e+00 6.271815854707938342e+00
-3.986835363103018892e+00 -1.200488072404629136e+01
1.622932625106422933e+01 2.648537206210434647e+00
-1.297511718580508955e+00 -3.379774767930932455e+00
4.950979118077547980e+00 -1.577225404709801282e+01
1.282583041557288439e+01 1.072090205035017618e+01
-1.559676276310612053e+01 -1.511560264369970596e+00
-8.325149901225259441e+00 -1.241564611884094482e+01
-4.290570984525778897e-01 8.525383029163709381e+00
-1.634296244697453915e+01 -2.848224706716383281e+00
-3.890865901478319344e+00 -1.625184599199846502e+01
9.480085825658175480e+00 2.864389662987633756e+00
1.738102232927385415e+00 2.111322421504379321e+00
1.585552170673538086e+01 4.530745432060495403e+00
-1.049854987202332701e+01 7.760223827793168994e+00
-5.460666298102966110e+00 2.820387249802486451e+00
-3.571617779330276576e+00 1.070822500091454188e+01
8.120746273801309201e+00 -3.142721563680410668e-01
-4.637883491192422269e+00 -2.184660478307348441e+00
3.597430928379381498e-01 -9.594642808662687372e+00
-1.105000582579172885e+00 -1.327576252396881173e+01
8.199899134385042032e+00 1.266840509254270231e+01
-6.644644312324601287e-01 1.132453447472334673e+01
2.323419181535321343e+00 -6.497391839463022123e+00
-1.267651034258853571e+01 -7.392215645937628921e+00
-2.057438721271825699e+00 -4.787259302182373943e+00
1.206025514583805247e+01 -8.390234045120525508e+00
-5.997229608708682491e+00 1.028123477475127956e+01
-5.867715510856985617e+00 -1.265724769713642672e+00
1.093232483902838936e+01 1.227327765608925247e+01
-2.569966445947805767e+00 -1.342743861869166722e-02
6.124598602228978450e+00 1.549094291852755845e+01
-1.074365478826211273e+01 1.031399296293514922e+01
1.079410625616413100e+01 8.565060937072033198e-02
-1.368604521729615442e+00 5.161337449213913686e+00
