# Antenna elements layout
# Station label: stn.009.C9
# Number of antennas: 256
# Station diameter: 35.00 [m]
# Antenna minimum separation: 1.50 [m]
# X[m]  Y[m]
7.241999568739583282e+00 -6.721407665942134457e+00
1.174942815929270523e+00 -1.392883472435425318e+01
-9.747164399025820103e+00 1.104047043353972413e+00
1.705545543516208795e+00 5.104984113505516063e+00
-8.307330031478633359e+00 5.626594996922644754e+00
-2.922393646200600159e+00 -1.003677885720977159e+01
-9.392653277272877688e+00 3.928742326198719326e+00
3.916199671595119725e+00 -1.280785265215586755e+01
-8.224770229002837496e+00 1.108988344501704759e+01
-5.181816419432303533e+00 -9.404192387527238850e+00
-9.250327578458445998e+00 1.356196895486623433e+01
-4.923985516329286938e+00 1.134267259206551515e+01
2.502390282081293549e+00 -3.879325440452774387e-02
-6.890417074655992735e+00 -9.697508279349762006e+00
-1.416744821758719297e+00 1.213461884907139066e+01
1.530913038087033584e+01 -1.117556897083083811e+00
-5.700099147701678248e-01 1.865983051320366570e+00
1.102597698822038552e+01 -7.124884130457358467e+00
-4.147408427612193194e+00 -1.212538581822765948e+01
8.554320682280199151e+00 -5.713489864754366820e+00
5.096093846207200073e+00 -4.079094826942208485e+00
-1.858870206685862669e+00 7.347288296539311148e+00
1.646335418565158193e+00 -7.633690691710253162e+00
-1.512603893333537108e+01 1.698491696826863517e+00
1.469333326049067523e+01 -2.874538509009733289e+00
-6.383106168851311324e+00 1.071026764205940296e+01
9.044165793523788466e-01 1.010449012515638501e+01
-7.248280644606492018e+00 -2.740610088295307278e+00
-1.130121126682386290e+00 -4.931490168793542850e+00
8.889221911018122313e+00 -9.623416154409234480e+00
9.590012250276455319e+00 4.911577675648072017e+00
-1.216004642361513888e+01 -1.126017934577048862e+01
-2.284815994041659692e+00 -3.024590506825010294e+00
4.086805458422201554e+00 4.282348304952122930e+00
1.530309953672031043e+00 2.393540663508218813e+00
4.579850676389785491e+00 -1.481227031565719443e+00
-5.967017316539818594e+00 -1.528048313291425586e+01
-2.750361476455264409e+00 1.133457234959486470e+01
6.919836679035419991e+00 -1.760791197409423248e+00
-2.109265657167822994e+00 1.469879254003387103e+01
-1.103840209298735964e+01 -8.665138993192469385e+00
1.167191690431604201e+01 2.957203735024538815e+00
4.057803351321155105e+00 9.455665108676534203e-01
-1.101535179250227259e+00 1.024055404081426701e+01
-1.926927508934008770e+00 -1.624880611627975924e+01
-7.065466915770240774e+00 1.255371963019131698e+01
7.948120892010454241e+00 -3.667696086518091647e+00
2.126152167875311250e+00 -1.056826167772397085e+01
-1.101356907726908574e+01 3.215375223291427886e+00
8.483408883941841339e+00 1.303451614983880447e+01
-6.239022459746278670e+00 -6.476266890438974855e+00
-4.074916763213355608e+00 -1.435771894124267867e+01
-6.454718092450502098e+00 9.033341385002294999e+00
-1.056692111364069575e+01 -6.009962390244961483e+00
3.421824616954239673e+00 1.113547376644607922e+01
-5.258873083563273099e+00 7.541676825047982646e+00
3.005185231543652691e+00 1.542119931300647551e+01
1.393154142843737731e+00 7.650673167351975223e+00
1.448373595636536848e+01 9.190387960956236668e-01
-1.403729766555888503e+01 -6.528504972924070060e+00
-6.272441028708751531e+00 -1.167112380796662663e+01
1.086842103076954658e+01 -1.020005718780847559e+01
-7.377940704984361275e+00 1.280819532916307679e+00
-1.085892197919921465e+01 9.783538438163628115e+00
5.727363017336656981e+00 5.482573337810762837e+00
6.961614622682567699e+00 1.403681514387686491e+01
4.164454268986297336e-01 -4.535206863261009858e-02
-1.054735096754939150e+00 -1.440090864067740206e+01
-3.646690406191892109e+00 -5.451954287005158051e+00
3.504213597790865720e+00 -8.591520422641826471e+00
-1.098159422721477085e+01 -1.029376656944721091e+01
-1.410754407595273818e+00 -1.001944651924465290e+01
-4.432055249397629737e+00 2.751335116789935142e+00
1.291665345192654613e+01 2.071546265151678057e+00
9.605044119683114445e+00 -1.238593203100120732e+01
2.680881882308629116e+00 -2.495992733780736827e+00
-2.513915676943513589e+00 4.777504570444939702e+00
-1.575865546308343745e+01 -6.136668464988588312e-01
-7.394022650542108721e+00 1.472455417821448265e+01
-1.110889579163744401e+01 -3.453362892265785078e+00
1.048632885176884599e+01 -5.222475845438346198e+00
1.071874336990515530e+01 -3.212901925370550416e+00
8.026826641803758378e+00 -1.411634983751579142e+01
-1.603773345676198758e+01 -4.809089678528328804e+00
7.081171645136087989e+00 1.121611728376583628e+01
-4.390847125221336356e+00 -1.752938207009101745e+00
7.187631400489873812e+00 2.650110673998714361e+00
-4.631566792140542788e+00 1.384215006865938236e+01
-9.756505460869036028e-02 -7.851981697509353708e+00
-5.697198424300260911e+00 1.525229626484545520e+01
3.483137818402621377e+00 -7.047707036913102741e+00
3.976604570709167064e+00 1.326605063033500542e+01
-2.600165082759671620e+00 -1.385172784640661447e+01
1.308636947751511670e+01 -8.135637138742477958e+00
-5.667754585525425881e+00 -4.804574645849475800e+00
-5.741877077755654923e+00 9.152877425356464869e-02
-1.090941882640213834e+01 -9.558317261164042122e-01
-1.180568100800587317e+01 6.241813660083892046e+00
1.117455033843994272e+01 5.677536163171872374e-01
-7.489975402953691130e+00 -5.526535757330250931e-01
-9.702422039553937338e-02 7.880034797196085350e+00
8.980865019902957158e-01 -1.581142511382696370e+01
-1.435193432959285076e+01 5.490932108967694347e+00
3.518811067845042828e+00 -1.472593375509232416e+01
-8.280869264690537079e+00 -1.173032858933885514e+01
-2.534109006845076451e+00 1.622450949923627661e+01
-8.538057778158661293e+00 -3.819202731215169067e+00
1.518988717232169705e+01 3.844816395965711564e+00
-7.908318894384555264e+00 8.262802718301312410e+00
-1.325607619952337402e+01 -4.229493587504739693e+00
5.432234296436071475e+00 -1.200423848966222629e+01
-2.701470678259202174e+00 -7.428749958839540923e+00
6.569782572534812459e-01 -9.642595579536491712e+00
-8.699103468892749547e+00 -6.982703451851621779e+00
1.316009362397609905e+01 9.058443036837964257e+00
-1.326364390657198555e+01 8.569160108754481087e-01
9.456924107010127756e+00 -2.056995942654367582e+00
5.575783605747435701e+00 3.358197335471082567e-01
6.401646653983995350e+00 -8.073854024495162207e+00
7.424688129758092003e+00 4.981097458782155485e+00
-9.059919665741544392e+00 -1.805818063781636340e+00
5.792653504616890103e+00 -1.482224531863391270e+01
-1.299841797575962410e+01 3.083697567312334797e+00
7.118390992780835091e+00 7.097756695319169751e+00
-3.343479453586155614e-01 3.513463855473759168e+00
6.612635347672934927e-01 -4.723734604173952079e+00
8.557088645202995281e+00 1.254263995931786724e+00
9.567659888034135918e+00 1.156819425898753551e+01
1.299808706887880305e+01 6.300629075641488441e+00
1.501971771291700009e+01 6.567139379463736049e+00
-1.684712760843432022e+00 5.559753284897794856e-01
1.225078839320647361e+01 -5.482229868783477400e+00
1.563349742654398966e+01 -5.636206237580767109e+00
-7.841316238240407799e+00 3.219028071326910379e+00
-3.540746452605603167e-02 1.299361618214830472e+01
-4.355012010706445835e+00 -3.962082496079716520e+00
-7.823543315797392594e+00 -8.202628366860125197e+00
1.047115746454668539e+01 1.301610637378883695e+01
-2.974046081134067876e+00 3.104322851997594057e+00
7.273456356830283909e+00 -9.549542336729690106e+00
1.339355507331652007e+01 -7.450176002633064343e-01
3.917246052693027281e+00 7.718125769359190258e+00
-1.278831961309643894e+01 -1.397675778419387171e+00
-1.251306021731055651e+01 1.081049065287124478e+01
-1.606953361071411024e+01 3.649781018139972133e+00
1.023391001704688819e+01 9.743792446641609928e+00
-1.168229694867337365e+01 8.391713523846885181e+00
1.730228630088639363e-01 5.794062401183218469e+00
1.168908745981062935e+01 -1.152055735340636211e+01
-1.267357452203197887e+01 -9.287079163090698586e+00
8.708438786684595811e-01 1.464053204082830462e+01
5.671482620469220137e+00 8.893342610952000626e+00
-6.837914501337820639e-01 1.658432898529857624e+01
9.625930933201686912e+00 7.646633324071867577e+00
-1.421122927325285445e+01 -2.645514842610625195e+00
-1.424982001491665784e+01 7.774940729812058748e+00
-6.583812465669289793e-01 -1.817321093123114295e+00
1.144342335016631296e+01 -8.793533529679939065e+00
5.083637870810282067e+00 1.537582224255540808e+01
-1.455149879270820001e+01 3.531144945695711357e+00
1.317014551276093215e+01 -3.211938148412977867e+00
1.475382496863484505e+01 -7.206783091387343632e+00
7.505923766373047812e+00 -1.127325728732888166e+01
8.818754158719901426e+00 -2.666905331473650165e-01
3.975144134177917010e-01 -2.996376529694879665e+00
7.278069201309698144e-01 -1.168163785510365393e+01
-4.189341802099692202e+00 2.389241789737113209e-01
-5.356000293290342995e+00 4.603460903121845860e+00
9.316190299350974868e+00 2.699079570805892558e+00
-3.117607615008067157e+00 9.647203033001542138e+00
-1.214411433183808775e+01 -5.555313452745439307e+00
-9.359006614434209226e+00 -8.996509276878438044e+00
-6.035866437170387400e+00 3.115430058186060336e+00
2.665705869800390815e+00 -1.614896919390248087e+01
-9.302877990436591915e+00 -1.365110389464582852e+01
1.094596092729458192e+01 5.701372396343831639e+00
-6.111736954644880981e+00 -1.336507460910874912e+01
2.172746679395682889e+00 -4.238226245787792834e+00
-1.023181804847037846e+01 1.122224582611939070e+01
-4.185814948138112612e+00 -1.606564745004587635e+01
1.650729449184996867e+01 1.010277013498139809e-02
1.251839345075588028e+01 4.615553201940524986e+00
1.209645229973733649e+01 -2.033468139111048956e+00
-3.486038603642438005e+00 1.267388574963617742e+01
5.733169066455328533e+00 1.258960933425683848e+01
-1.596618042590465514e+01 -2.614357773484666581e+00
1.450630145284415562e+01 8.223468802447264636e+00
1.188393418881662456e+01 1.173335531896544381e+01
3.765493461413576881e+00 2.741529698473687660e+00
-5.432350251263477148e+00 1.629072190037586410e+00
7.548672076451516944e+00 9.277349810535891805e+00
-3.552852793122776021e+00 7.692963240572179728e+00
4.084083227599105470e+00 -5.520384579545012826e+00
4.653105314733558373e+00 -1.023609605639750342e+01
-8.071885449556409853e+00 -5.545803489056746471e+00
-7.997404409480033394e-01 -1.198395262416023144e+01
-1.059373746388123472e+01 -1.255487628744492312e+01
-1.513942031381160902e+00 -6.422590102699210490e+00
-3.304060962533366563e+00 1.607987082950643298e+00
1.643110616626555753e+01 -2.213016738579845821e+00
6.814178494025888710e+00 -1.309922689053311728e+01
-1.346362958026137768e+01 9.401741842499554025e+00
1.627739059432787627e+01 2.075900239343418718e+00
-1.129997024425414409e+01 1.517058283438220911e+00
-7.822888300491989355e+00 -1.394179763914489101e+01
7.411563606672661564e+00 2.558600767731817882e-01
1.621434178106497370e+01 -4.014748093712514176e+00
-6.449701413811199657e+00 6.042399505542643823e+00
-8.921496249001187095e+00 7.113980865731118541e+00
-6.932379776181145203e+00 4.619299162993083741e+00
-4.170672574868254046e+00 6.118152390186690326e+00
5.727483698555570157e+00 1.915799383957896396e+00
1.434899392427059084e+01 -4.607972013416180346e+00
7.084986844388964755e+00 -4.895558175837503967e+00
-5.427151706863957870e+00 -7.792746170179542631e+00
-5.663548223247181213e+00 -2.780445756512497368e+00
4.417245546686999091e+00 6.283597717528987658e+00
2.050653464235860923e+00 1.270357200196724889e+01
9.341500481324928273e+00 -7.109634360321591018e+00
-1.285189690626739001e+01 4.912100075526090848e+00
5.715305908978294269e+00 3.732371837429568018e+00
-1.055979410609221958e+01 5.073345310428649668e+00
-2.856208837308434667e+00 -7.620652851423557195e-01
-1.665831939015045293e+01 1.617726523678634010e+00
5.461601270195096447e+00 7.366819758583062594e+00
1.173856857411080412e+01 9.789511916711933992e+00
-4.679697868493864377e+00 9.516416311684317009e+00
3.648665456420886244e+00 9.651064944864788941e+00
1.152236277384158214e+01 7.168030878435072140e+00
-1.067043777722708242e+01 1.273076541859186506e+01
-1.198214794908886205e+01 -7.251773176484418215e+00
1.248083058443221205e-01 -6.201018716485179993e+00
-4.260215814917881261e+00 1.585083807532932809e+01
-9.404750929931699588e+00 8.940856769269068138e+00
2.217460109729454842e+00 -1.262535362461855470e+01
1.316224841134303603e+00 1.632920266479609950e+01
5.561250173011529796e+00 -6.815575697129764521e+00
5.570370697436104024e+00 1.094919327343491133e+01
2.311545991431025016e+00 8.937329184602550214e+00
-2.475090052579732358e+00 -1.182783301227421902e+01
-1.420793405319775893e+01 -8.420805039509673406e-01
2.156693939116312464e+00 -6.099384024661326009e+00
-1.056382450374374748e+01 7.169677945160941590e+00
-1.423270223882996888e+01 -8.788182977670400575e+00
1.270687110414362664e+01 -1.033161198831236405e+01
-1.394922566112072104e+00 5.800677008082764985e+00
1.421759544149500343e+01 5.047035689892606314e+00
1.325879483109611812e+01 -6.626626710653946262e+00
8.539697125134363631e+00 6.151895289676208023e+00
1.281309760314229607e+00 -1.758562755750372020e+00
2.673838739508578755e+00 3.777038798001196795e+00
7.583336073058077886e-02 1.140403173072414944e+01
-6.131057048905388385e+00 1.379890011616291190e+01
5.012013777836781259e+00 -8.691780348610242513e+00
1.450674449926563625e+01 2.502435382335729486e+00
4.448273139558303058e+00 -1.608024931162546167e+01
