# Antenna elements layout
# Station label: stn.279.S2-1
# Number of antennas: 256
# Station diameter: 35.00 [m]
# Antenna minimum separation: 1.50 [m]
# X[m]  Y[m]
-1.109856181718506285e+01 -4.301737380268095379e+00
-9.853720334098632350e-01 1.294342229888353302e+01
1.641942876417772368e-01 8.741610066119932299e+00
-1.606674906239956258e+01 3.015683106426223503e+00
4.852554773658848575e+00 -9.774191116552486847e+00
1.228069724806833918e+01 5.821266345312814394e-01
5.946121259015924920e+00 7.355505105676236610e+00
9.031838973248699887e+00 1.405849640258953670e+01
-7.617871407578938658e+00 -1.244222013329069298e+01
-5.253897117650922155e+00 -5.003705597613533840e+00
-2.271536863994455757e+00 -1.304278897654758396e+01
-4.928572019072159804e+00 4.883039301099266538e+00
-6.518798013444811801e+00 4.351044600654219607e+00
-1.884081123746666364e+00 -9.098357847557281275e+00
-1.340244262156095800e+01 4.231685280427431195e+00
8.332193488691057581e+00 -8.836410682172859410e+00
-1.077006516215762666e+01 -1.919289285487113972e+00
1.057714209527251370e+00 2.610935883748421560e+00
7.854823602428080420e+00 8.027779031049199432e+00
3.766323205894909876e+00 -1.764580304239089514e-01
5.614194176313294093e+00 -1.420747929328545212e+01
-7.725302068221127527e+00 1.386454284692948846e+00
8.843342298742271623e-01 -9.825594972182244646e+00
-2.285326171892060998e+00 9.076486096584119423e+00
3.435084959417249451e+00 -1.194646960184405948e+01
-1.061927505484028700e+00 1.562311420034025389e+01
5.451081580940879689e-01 1.092697581423044895e+01
1.084268409180110027e+01 -5.284225394805744713e+00
4.382552415530863499e+00 -1.314344697284491836e+01
-8.373932394841384408e+00 -1.442171698679355885e+01
3.904547015564734380e+00 -2.677129411991831631e+00
-1.260157653417207158e+01 9.766732027442145636e+00
1.443026809181552039e+01 8.323813622617908692e+00
8.948309775071614069e+00 5.245873039197530119e+00
-1.380084823906589264e+01 -5.836490472208053504e+00
1.024077566080173796e+01 1.160246657069395937e+01
-7.547853177119140611e+00 -6.781315553624835957e+00
1.315446271690994706e+01 6.638759873016013557e+00
4.546470388975237142e+00 -5.269136819418340778e+00
6.250299650626551795e-01 1.622609912689691924e+01
3.298277864804873616e+00 1.754552845392314708e+00
1.243014565469992050e+01 4.730773601281239138e+00
1.022578593259422775e+01 -7.974602191668310525e+00
1.471377845874825852e+01 -5.217941437599616705e+00
4.456638596004616204e+00 1.512968854737064106e+01
8.322703422070958368e+00 1.015086115069769335e+01
4.489024620740270421e+00 -6.875917248373644597e+00
7.832699850083869819e+00 -1.300367362269019367e+01
3.370554675782020837e+00 1.239995626008922969e+01
2.855760265109580587e+00 6.664178772879530754e+00
-9.749353115400616332e-01 -2.619214442035703527e+00
5.509066117041374611e+00 3.469593496185581216e-01
9.383343031344661966e+00 -6.544192488612610603e+00
3.563930251815346395e+00 -1.558145963519050525e+01
-1.033149194453150699e+01 7.589183996881939009e+00
1.372926062015260129e+01 -7.234398759462035144e+00
-5.176786622320088682e+00 -2.100650061223038989e+00
-1.017287518904044319e+01 5.548772711749869302e+00
-1.186229335635936266e+01 -1.057299033734088312e+01
-7.880408706006756248e+00 1.143270711092889158e+01
-1.338664263502246499e+01 -9.894358568472908289e+00
2.647715003770695574e+00 -1.422944980308907326e+01
1.450440186981668944e+01 1.511272547054726800e+00
-6.873778541763751804e+00 -6.514586921770515460e-01
-1.179510371060246143e-01 4.189411359074124874e+00
-3.244053106466139980e+00 3.984831996605624482e+00
-9.576661587233914474e-01 -1.150815979193802363e+01
9.910609739195948009e+00 8.634836322785357510e+00
8.125926760693076289e-01 1.370020033178863628e+01
3.010696628386810403e+00 4.587669902057712079e+00
-1.291378633751630645e+01 7.731406324921785256e+00
2.297140932580308714e+00 -6.680697951652248889e+00
6.707308210294275597e+00 -1.188735701414125856e+01
1.558312453989881163e+00 -1.663263034646465499e+01
1.162869220683277049e+01 -3.686631999357731004e+00
9.528121626477670247e+00 -3.038606068111356251e+00
-1.700076843395441628e+00 -1.459385895421470281e+01
-9.288332866467706950e+00 -9.446417773588629885e+00
1.661613953263998411e+00 -1.237884052854446537e+01
-4.360391161442720431e+00 -1.007393709361810963e+01
-1.478788032478527725e+01 -1.341417755075969609e+00
1.075192658017695635e+01 -1.415245905288117001e+00
-3.622924042792934785e+00 9.491401916544468520e-01
1.287550576598595597e+01 -4.888104871533814233e+00
7.762156605555208699e+00 -1.050964092575537912e+01
-1.017053895767781668e+01 1.242589882117438194e+01
-2.167960649554029118e+00 -1.225690683728366537e+00
1.020446643675147058e+01 6.267120185644870389e+00
-8.303835393645925933e+00 6.198003224947289169e+00
-1.122208434506624997e+00 -5.768737210292790962e+00
1.073426931833963849e+01 4.065475583036235463e+00
-1.285274265590528131e+01 4.155021483126191129e-01
1.560121208906024748e+01 -1.532855828968155976e+00
9.945262551759562086e+00 -1.199202037031534473e+01
2.172903145951764259e+00 -1.251169527062089060e+00
6.843207328193511074e+00 5.560567585713194205e+00
-1.447171699207350848e+01 6.407118626513103266e+00
-7.314902498097893613e+00 1.394079921101624819e+01
-4.980306104290594504e+00 1.422806011424429684e+01
3.563774198825569783e+00 9.171514699172060858e+00
-9.000296862505082984e+00 3.331698166625589153e+00
-1.119826841296917053e+01 1.124169897613960245e+00
5.174515407635276176e-01 -5.248861261686480262e+00
-1.364408926378605003e+00 1.256506709099202368e+00
-1.551793193809934834e+01 4.850562465674610024e+00
-9.122659593561653679e+00 -1.448304775597051730e+00
-3.313916164898000005e+00 1.289884344505057001e+01
2.575008113883960448e+00 -4.558385501005750129e+00
2.827777003224898777e+00 1.416544863088857653e+01
7.262568551557194496e+00 -7.431441736751018823e-01
1.154467345199268280e+01 -1.137233131719540324e+01
1.059970031615776165e+01 1.431829547960493443e+00
8.574702958833384514e-01 6.793568575978937929e+00
-7.669089141224118222e+00 -4.820327264948495838e+00
-4.113416320268882487e+00 1.127662263684203481e+01
-2.991021830698699091e-01 -7.549268937428729842e+00
-1.668733822096538333e+01 -1.398877001264722253e-01
-5.558397479641204342e+00 1.274640701012393151e+01
1.257515061322183669e+01 8.307894303660066981e+00
7.689899925972909500e-01 -1.397276245288416696e+01
-1.199534821794076578e+01 1.148629963175931223e+01
-1.170972775408071342e+01 -6.769481249670088019e+00
-1.338691453833831702e+00 1.081618510240279107e+01
-2.795516283490410814e+00 -1.064332814681314687e+01
1.198027722585443655e+01 -9.219964551438794231e+00
-6.122046748003167949e+00 -1.258297723461845052e+01
-3.985824160424636275e+00 -3.187028049011409792e+00
1.297917849935803503e+00 5.228524298338317777e+00
-1.049820781897997968e+01 1.088619900129837248e+01
-7.924827255352541400e+00 8.784701516503542251e+00
1.093429116018661773e+00 6.382289901120330455e-01
2.381812539121725081e+00 1.655987320022490650e+01
6.732437525452464655e+00 9.857875503456440924e+00
-5.702040678505735372e+00 -1.510585419869270041e+01
1.622382545132611398e+01 6.631398050823804624e-01
3.033542194555913341e+00 -8.548255648543349849e+00
-1.259267104378185564e+00 5.731753615646809408e+00
-5.117043871940403221e-01 -1.613586192635590777e+01
8.209625807562964894e+00 1.925251632484570763e+00
-6.042423060685475633e+00 1.110727154780471437e+01
-6.255484272575195348e+00 6.499560607828158254e+00
-1.355583309179109364e+01 -7.388035771252686956e+00
-5.472666948767640704e+00 2.676916237945352606e+00
-3.031148118326402852e+00 -5.199292145933517517e+00
-3.391877558045493402e+00 7.330111390128024595e+00
4.697422561810356001e+00 1.151213238540177031e+01
9.132329190231153859e+00 -1.397263619587169892e+01
7.889218094178708895e+00 3.579774039233701188e+00
-7.201563351234073096e+00 3.013556995884961509e+00
6.772034694345052230e+00 -7.839212056231113834e+00
-3.146140578584994074e+00 -1.605573676494280733e+01
1.001160715676756396e+01 -9.621194886548265046e+00
8.566075591144333146e-01 -2.646961875395099639e+00
-1.243069666241510163e+01 -5.173812991659309191e+00
-4.087525463263451897e+00 -7.285758599414590364e+00
-1.221852035836452188e+01 -8.464742027929588630e+00
7.930547332167339647e+00 -5.944635870294543878e+00
6.532015782523799885e+00 1.458947746225846487e+01
-9.260025968271923702e+00 -6.238817099519321729e+00
1.547968707285881607e+01 2.784799871156568685e+00
7.845726247843430201e+00 -3.646722386850363762e+00
-4.791608209256491335e+00 9.672463625078695060e+00
-9.723543981103464517e+00 -7.780817164403819319e+00
-4.509350802943137282e+00 -1.217290025042964174e+01
2.362110326263298532e+00 1.035289475827700656e+01
-7.675473632198507090e+00 -9.631533742945542542e+00
-2.490276459937042830e+00 1.633691931708764855e+01
7.539647798925390276e+00 1.320845376309530650e+01
1.339300268165042951e+01 -1.222330262846710980e+00
-1.283123804849774885e+01 -3.030711176101537063e+00
6.764622183985302684e+00 -2.436300671855354594e+00
-5.369300571023769564e+00 9.871366163380308478e-01
5.126832110025599576e+00 3.017143188486880234e+00
-1.390233774529210464e+01 2.399017807469924435e+00
8.388935514845677233e+00 -1.927007407087156565e+00
1.326916748068017426e+01 1.004377944814317658e+01
5.980966702452068517e+00 -3.900821721879621506e+00
-2.348374798672711705e+00 -6.750866525118974337e+00
6.289176643895469709e+00 -9.314037665392223886e+00
1.180750326210239010e+01 -7.305230645969677639e+00
1.169499818263124880e+01 1.101462766559631135e+01
-1.221942676634285618e+01 2.498345354857317346e+00
1.370327343409334020e+01 -3.368682694218929186e+00
1.448030059072015874e+01 5.813676095417530831e+00
1.335374364202003861e+01 3.009550595157730157e+00
-6.602398245532320686e+00 -2.707469493746145872e+00
-9.592302481111254053e+00 -1.107412479656314019e+01
-3.851613701409448254e+00 1.548791413920950077e+01
-3.884607411355034401e-01 -6.329730472711858624e-01
-1.166103109064123267e+01 5.180934674414867658e+00
5.076860711071720544e+00 5.211492752053789701e+00
-1.023843161018201542e+01 -1.260798247303983111e+01
-1.595772734260408399e+01 -3.100789029379111383e+00
6.196478159623094228e+00 1.138835080576961190e+01
7.169490756833369005e+00 -1.471382818846631935e+01
-4.360333347939121751e+00 -7.858886824212838462e-01
-1.107385135533610487e+01 3.737300377495831327e+00
2.679069259645935119e+00 -1.022528568488904099e+01
1.572432596272638250e+01 -3.635541854694727348e+00
-1.461084203926468028e+01 8.183055532639503582e+00
-3.006244896420032120e+00 5.704892440871894621e+00
-6.179850660055684841e+00 -9.333904572168730596e+00
-9.156535026738417571e+00 9.098805810045504927e-01
-9.677092260911816624e+00 9.550140590372997451e+00
-1.456994394854618236e+01 -4.154362210547784429e+00
-1.018440576646700180e+01 2.260928948592514587e+00
-1.029123023665398762e+01 -3.809217114533822723e-01
-2.159249060435314505e+00 1.389333564712072899e+01
1.040896356288438440e+01 1.311811062742010137e+01
9.770285892633928881e+00 -1.005127434034989165e-01
-3.499760096334540549e+00 -8.769067175301287875e+00
2.330397210530719576e+00 -3.059734250360387264e+00
-9.056459785325772671e+00 -3.599277425506748784e+00
5.011067878799167374e+00 9.972898940947832358e+00
-3.810136034206378142e+00 -1.418745028116135742e+01
9.490410486775886056e+00 3.208358283134053579e+00
-5.840037075230855024e+00 8.458717160779244182e+00
-2.863889612571888676e+00 2.267600634536851345e+00
9.148111506874851528e+00 -4.550275624453984591e+00
-5.904930558985626021e-01 -4.077445874366834033e+00
-1.279382206248700982e+01 -1.444464989005119548e+00
-1.601145061319718010e+01 -4.825633637366854245e+00
4.304423772325723263e+00 7.142347485759646730e+00
1.391291027683490711e+01 -9.275919358615229982e+00
-2.212300726124777128e+00 -3.471553140463235820e+00
1.469865583867454717e+01 -5.993225969973536849e-03
8.516122203592193074e+00 1.187556310706252916e+01
-6.390099431082241210e-01 7.233242457747060428e+00
-1.147749864866983849e+01 8.732787413822784117e+00
-1.492740561288905177e+01 3.337754011107421093e-01
-5.777426067339273885e+00 -7.095574384287809622e+00
5.696467640459758286e+00 -1.250606160922480115e+00
6.607234008029827521e+00 2.318344024382781754e+00
-1.082447629132305522e+01 -9.126433189432116677e+00
1.837155336584082477e+00 1.252655503772221479e+01
-6.233812858186999151e+00 1.533163979857528858e+01
1.581291503547021193e+01 5.117407489134318865e+00
5.528726090018725614e+00 1.339502408147508206e+01
5.254422946019833063e+00 -8.219476538560435586e+00
1.735064460473399350e+00 8.981406034956442852e+00
5.085736264409650431e+00 -1.163160671247570832e+01
-6.117260241938335952e+00 -1.084370806640570883e+01
-6.557685127382413270e-01 -1.298031240244998052e+01
-1.507249744634951760e+01 -6.803921485624879750e+00
6.350951926415827842e+00 -5.532477507222354873e+00
1.164691963266828978e+01 7.054184502181971794e+00
-9.384685089611499720e+00 1.373351150386569230e+01
-1.327395024892137343e+00 3.130429024580184461e+00
8.340569550539633781e+00 4.034087430500683524e-01
5.173482156826505474e+00 -1.570394036234392843e+01
1.174378037827693788e+01 2.677880239816420982e+00
-6.844057772855549615e+00 -1.397166937601466152e+01
-1.648461229961241870e+01 1.483602199572839453e+00
1.423300372323694774e+00 -8.212532853557958035e+00
6.237264094492818600e+00 4.118322775655649082e+00
1.039499434031183611e+01 1.008941821172476239e+01
