# Antenna elements layout
# Station label: stn.271.N4-5
# Number of antennas: 256
# Station diameter: 35.00 [m]
# Antenna minimum separation: 1.50 [m]
# X[m]  Y[m]
1.468482702334160450e+01 -2.084591059929996604e+00
5.780621718591785196e+00 -3.513462273395623114e+00
-9.153482555593628334e+00 3.974203330033077464e+00
-7.415182241236044192e+00 9.503757149663311310e+00
-1.071169539268130677e+01 -1.182811222106802518e+01
1.199088302197355205e+01 -5.997417206489499719e+00
-5.364323097652833994e+00 1.498832547263810255e+01
-4.627980893822684294e+00 -2.583230610585944831e+00
2.111117628515692957e-01 -1.316762886987997305e+01
-1.136427882194154115e+01 -9.001593612073616413e+00
9.249808968949952970e+00 -1.276276160814227545e+01
-4.456384069751308630e+00 -1.162075628284288342e+01
1.326644837002862332e+01 4.691076460298518214e+00
-3.534056674073582371e-03 1.098939577968529591e-01
4.303772156311886476e+00 1.335242412992494820e+01
3.213500235334599608e+00 -2.193575552877247148e+00
-7.322736671430567057e+00 -2.517459571301419174e+00
-7.015948139388044069e-01 -2.453380684041999160e+00
2.235587284013714537e+00 -8.991552785743211373e+00
-5.600638361637246376e+00 -2.422205519474225355e-01
-6.735295849495116727e+00 -1.015765141290987117e+01
-4.817356245089928990e+00 7.979352097127080157e+00
9.542916772370208633e+00 5.322642928848928534e-01
-6.331458193746621887e+00 1.381020260719574466e+01
9.045800518642618471e+00 -3.272641327480148021e+00
-9.300099238797258749e+00 -1.361010244929675927e+01
-2.998101565894858211e+00 1.575203448648405669e+01
-3.080864386110116371e+00 -2.979341723253959628e+00
3.709979764196912555e+00 1.501893743492784949e+01
-1.353772804017725484e+01 -1.639329475904883537e+00
-1.136311305243104997e+01 -7.383520966462917556e-01
1.856004217585841332e+00 -5.815507582696106681e+00
1.783590893993736159e+00 -1.610289807401800033e+01
5.504942517562021465e+00 -1.457329835543199259e+01
1.632757231502284156e+01 -2.496584762203445607e+00
-1.225543909338987980e+01 -1.087964432975429574e+01
-3.016898350004307616e+00 -1.412460668627114657e+01
7.096991242650684484e+00 9.113230530315519218e+00
3.694279874033295386e+00 -6.526143935946640440e+00
7.851806346277310666e+00 -1.125791593257887158e+01
1.105103006046022074e+00 -2.914383870144193978e+00
1.008324341365081622e+01 -1.127195358334084574e+01
1.191422579654836866e+01 -3.055775916268935077e+00
-1.119358316309558710e+01 -5.957965895624068864e+00
5.882827298289718954e+00 6.491860206658511601e+00
-1.126916887272443191e+01 1.014421908406147921e+01
1.007081871853687005e+01 1.331029664634783671e+01
1.553139948488784228e+00 2.662831184600911172e+00
1.284063441909944814e+01 -3.413580519401904212e-02
-4.545621554825004296e+00 -1.369065985180347589e+01
-1.387608952998626854e+01 7.739333253890297470e+00
-1.222311211352983307e+01 2.797955133597472610e+00
-7.065138948944671426e-01 -9.355673919914412551e+00
1.316700702926629063e+01 6.820503825273739551e+00
3.416231634524169891e+00 5.602221921598331988e+00
3.776148523815198388e+00 7.077139173922414983e+00
4.460935730322201920e+00 -1.201745113960335587e+01
-2.914796657449581829e+00 1.030227701991034905e+01
7.792490079808199965e+00 -1.379363239225745019e+01
-1.394398555973764253e+01 -1.640550081169536156e-01
-1.139572104160358279e+01 5.466899991174841489e+00
7.011602940102260817e+00 2.703653252115387318e+00
-1.573324746106225192e+00 -5.773502093448570349e+00
-8.681161080777123118e+00 2.108644042699928889e+00
2.912323353776574919e+00 -1.070599520175688824e+01
-4.688262694245596052e+00 -5.371303296222883716e+00
1.086485943525659792e+01 -9.906464618702493397e+00
1.484104499224459062e+01 3.218887260097702097e+00
-8.932983441370470956e+00 -9.246262416590852240e+00
-6.169472033264618460e+00 -1.462759815682326092e+01
1.336524809549498016e+01 -6.799401635075597028e+00
-7.191098068255884712e+00 -1.240870270647818430e+01
6.742206615842302853e+00 1.060987583387301925e+01
1.558320379106918097e+01 4.956173455943087447e+00
3.392224577542602759e+00 -1.309840550806136150e-01
-2.712359667957224829e+00 -1.594234766533096703e+01
-1.486320021485985698e+01 -3.375813343860919247e+00
2.080966408200314532e+00 1.107638632059501660e+01
-7.262046627361154805e+00 1.508799778092058119e+00
2.091822729047908780e+00 7.337350772251298281e+00
-1.539416815953645212e+01 1.869989564852421182e+00
-9.472232412913655253e+00 1.228908569697505015e+01
3.923541988318380191e+00 3.527550212478182345e+00
-1.362759194559119713e+01 5.098124187541888119e+00
-9.476847812482889211e+00 -3.692947083599227298e+00
1.701235592807808672e+00 9.991136563629510192e-02
-2.753738280503267077e+00 1.427078567594155345e+01
1.012755724538405744e+01 8.895378087960065017e+00
9.383295888992002176e+00 4.309726901156189172e+00
2.366798286152331343e+00 -1.349049196310942378e+01
6.174108485327021612e+00 -5.390029034670821062e+00
-8.717894847714902085e-01 3.815004865617879659e+00
3.305440205108535423e+00 -1.549879627048222019e+01
1.174816879298884942e+01 5.547967774741699998e+00
1.257089104565164561e+01 -1.050510309583505020e+01
-9.979485052493757280e-01 9.271274267058899454e+00
5.567666796233371684e+00 4.721045788749744787e+00
-9.075823280603851018e+00 -1.140127409792889246e+01
-1.625507473468422859e+01 -2.376246087448416588e+00
-9.697189666084302218e+00 5.513217428621864258e+00
-5.017473949649417619e+00 1.249167926609828427e+01
-1.278466731922964605e+01 -3.556548720588601498e+00
1.291892196684706562e+00 1.597353118860895194e+01
-7.003151335779870479e+00 7.351014593540732278e+00
6.077409089472602943e+00 -1.034554928188251210e+01
-1.343418897563579861e+01 -5.989864956507865656e+00
1.597113937502029302e+01 1.519227518393194032e+00
-3.810609001308726818e-01 -4.617646877705819719e+00
1.478964212199028339e+01 -4.147427936601552290e+00
-5.197635659307845657e+00 -6.814053630473908996e+00
1.065227365634322609e+01 -1.334614551731583276e+00
-1.920201541538627765e+00 7.114007177808364446e+00
1.580729325459554246e+00 8.772839357265358018e+00
-9.218838244191235987e+00 -6.323507105809358819e+00
-1.110879241049073407e+01 -3.971470815177504221e+00
-3.099445022171893882e+00 -1.084385934144837194e+00
-9.261110440696407764e+00 8.344622748273238244e+00
4.184090877683743770e-02 1.318461130195016295e+01
-8.240103116996344568e-01 -1.426015622240113778e+01
1.318593848164002935e+01 2.360887377809326892e+00
3.975876384122940976e+00 1.071573394565390203e+01
8.616765048447938113e+00 -9.442333634214183036e+00
-1.366084331632506732e+01 -8.060488585384316451e+00
-3.415808104660101208e+00 -8.249328234656957193e+00
6.618186699469319478e-02 -7.663332300261915364e+00
1.935666181539520636e+00 4.727204350722018944e+00
3.196711782171981042e+00 -3.933459628752983051e+00
-5.878972213362011701e+00 1.018613039723412683e+01
4.561153317904185656e+00 -8.276429445839244892e+00
8.040610978651631768e+00 5.258761988149355915e+00
6.904729463893033881e+00 1.391294678242022087e+01
-2.840806689372531224e+00 1.195883143779404634e+00
-2.102245854613462583e+00 -7.237853408252362897e+00
9.211660401289961442e+00 -6.064225301591871897e+00
-6.700615994293510624e+00 3.302433433320413059e+00
-1.173314772563833763e+01 7.415279315769847557e+00
-1.527036779191318949e+01 5.832720776052937595e+00
1.027409848678403037e+01 -4.717939370300149093e+00
1.366483805213249525e+01 9.008957046985432982e+00
8.133581527750941120e+00 -1.163044958758206349e+00
5.620750391244552446e+00 -5.587296283345430936e-01
7.594231902902517817e+00 6.743574321986240960e+00
-1.059535783820252419e+01 3.285774896323044203e+00
9.079446091793567319e+00 1.183604136640932225e+01
-1.366439764634261422e+00 -1.166371771064752494e+01
-9.962713030704229311e+00 -2.113939672349586019e+00
-2.884987486981588134e+00 5.198858370093670800e+00
-1.037176267179802380e+00 5.898723130692012262e+00
1.166459824779622068e+01 7.836470989196961057e+00
9.159240804546932679e+00 7.508266871219941407e+00
5.815344576151780132e+00 1.461945647364604639e+00
1.130661727121241000e+01 1.133408965263704360e+01
-1.499033029944642337e+01 -1.250871471413191216e+00
7.197489475008140403e+00 -7.392560052665412940e+00
-6.910785481655207008e+00 -7.365770962683273027e+00
-4.280411891305991645e+00 -1.603896110678097386e+01
-1.617357714205516217e+01 -2.568284233449489307e-01
-4.389619436467819824e+00 9.519053410439880736e+00
1.468872853383793142e+01 -7.675355346005815704e+00
1.305840993128377647e-01 1.055129087163777157e+01
-3.252770151652821795e+00 2.821697846581788127e+00
8.075727861254911488e+00 1.295910533861929537e+01
8.777603278987008650e+00 1.839250774976587621e+00
2.086377003571829647e+00 1.450881503050724319e+01
-1.036932649824079178e+01 1.747016354969023411e+00
1.059332703820915711e+01 -7.123223537127914895e+00
1.125805891870034259e+01 3.179518930071907334e-01
-6.610719155839891670e+00 5.656874597161877460e+00
-7.689554178456624811e+00 -2.615760125952775184e-01
-1.392240342776170436e+01 2.913346219650225777e+00
-6.641418395099785599e+00 -4.331840569106075733e+00
-1.628274766596341294e+00 -5.542262307883802919e-01
-3.067774456196787014e+00 1.190809691028681883e+01
1.080167172018633437e+01 -1.264303848272592568e+01
-1.558860616921331577e+01 4.296659807502230422e+00
-1.482577826528660481e+01 -4.909136027084475273e+00
-6.623141401102191850e+00 1.223626524053842246e+01
3.578715011429878246e-01 4.930585494534614810e+00
-4.566887431676365239e+00 6.497391499635469359e+00
-3.196257445129262464e-01 1.519004990142932598e+01
-3.290291189831506813e-02 7.037077620580205917e+00
7.311246493682116210e+00 -3.138416008078149133e+00
1.315475411855231513e+01 -2.061305458178470218e+00
1.210739107578414320e+01 -8.272405699541902635e+00
-7.742338857788270801e+00 -1.437924186138245020e+01
5.580255392538180814e+00 1.578185821467180716e+01
9.869933078563452256e+00 1.046486869119250329e+01
-1.356935924256944759e+00 1.887107397674022025e+00
-1.641357812850536391e+00 -3.689962017833417818e+00
2.749425648453556192e+00 1.310451262144626483e+01
-1.447224292253068256e+00 1.640678786089051044e+01
8.292487411253901541e-02 -1.567048119545822971e+01
-2.939457905352888645e+00 -1.185293023972008619e+01
5.241983717525755537e+00 8.038272242917678057e+00
1.351610787547432224e+01 -5.210612684126825656e+00
-5.085968705838316950e+00 4.330620456939588081e+00
3.442011760202518644e+00 1.641628397153645835e+00
-5.165427263864600604e+00 -8.875350070538495117e+00
3.089529269684909707e+00 9.167452009852354422e+00
3.984279363278950825e+00 -1.382917329462524592e+01
1.125252651812244409e+01 2.288988491322932362e+00
-7.902043077926876435e+00 1.094063281606008431e+01
1.517393407131875449e+01 6.533764759476373030e+00
-1.501946241954606975e+01 -6.634734890031058541e+00
-4.788679472291113015e+00 2.292437823146300957e+00
-1.239792822153095742e+01 1.300698593488426980e+00
-1.042254734804464533e+01 -1.029557788553171527e+01
1.499995078873005383e+01 -6.040858736625285275e+00
-9.730224686951288504e+00 1.192866619588528465e-02
3.699703378704768397e-01 -1.155875833705370503e+01
-7.509830965306427686e+00 1.480790651844845485e+01
-1.183328296232125609e+01 -2.239815947539266716e+00
4.696515862776749373e+00 -4.591327937549248617e+00
1.124152330923443088e+01 4.011964462513692098e+00
8.046459284170680348e+00 -5.013878184415531791e+00
-3.270988558498530097e+00 -1.029027313791237752e+01
1.035372138167700129e+01 6.155983883659896350e+00
-1.133674200465733861e+00 1.202872124143711119e+01
-8.135000266988223316e+00 1.310337143362465184e+01
1.262918440579468538e+01 1.047580654058320704e+01
5.462036046048126536e+00 3.088756936820040266e+00
1.621251523581675258e+01 -2.283661294493022353e-01
5.174903459401591022e+00 1.161773680061115144e+01
-1.363193204090447530e+01 9.554724524813156705e+00
-7.303663959232096659e+00 -5.793323715567106902e+00
1.626392763497612748e-01 2.097314353441014134e+00
-1.179560621748295191e+01 1.171099673207143610e+01
-1.297074278129663227e+01 6.530491677386525140e+00
9.041596434503599511e+00 -7.634643865555480247e+00
1.436176355239279090e+01 6.691086678440427704e-03
6.953152638589070733e+00 4.728327388008075616e-01
6.928459635348229284e+00 -1.510636949413572694e+01
-2.901847440061533945e+00 8.598826416239056414e+00
6.605941274423841492e+00 -1.268518633661092565e+01
-3.070721606109479751e+00 -5.250444630040778549e+00
-1.180692199716560964e+01 -7.512783790428791519e+00
6.396415295819686264e-01 -1.460346711160408262e+00
2.865806691513569149e+00 1.636654873193658233e+01
-8.505200488738463349e+00 6.926755358025346254e+00
-1.081842476021346400e+01 8.629728213130015035e+00
1.115955997564924473e+00 -4.455715829542802098e+00
5.026677605610423427e+00 9.637819445092013382e+00
-9.102171958477788039e+00 9.936550037212420250e+00
-1.368222528095140689e+01 -9.572864412516068455e+00
6.755725609444990454e+00 1.218748181540330933e+01
1.375622853358100883e+01 -9.188997750397877695e+00
8.338969041831632012e+00 1.000054911204954777e+01
-1.006598240046139026e+01 -7.983024880859682426e+00
-4.003638595046606241e+00 2.371614329327762505e-01
4.575017904604631980e+00 -1.038952185825438512e+01
-1.118818014448120124e+00 -1.658104588868843265e+01
1.613296985342742573e+00 -7.402358886582497632e+00
5.554494702545333951e+00 -6.779916750202406917e+00
-8.403896406127273622e+00 -7.814714946213483060e+00
-8.258256501817880846e+00 -4.571451308788606838e+00
1.642116582970195537e+01 3.171643685850536798e+00
