# Antenna elements layout
# Station label: stn.200.C200
# Number of antennas: 256
# Station diameter: 35.00 [m]
# Antenna minimum separation: 1.50 [m]
# X[m]  Y[m]
-1.121200297883513031e+01 -8.054432025235033876e+00
-4.555760094886075251e+00 1.551450622117549472e+01
-4.068882740132901077e+00 7.427203169835500773e+00
1.857501351273494805e+00 -1.337035273231483146e+01
-1.006742554594754324e+01 -1.302674271343310686e+01
-1.797713570189923615e+00 -9.362045780302675979e+00
-1.088091289054585786e+01 4.165625701517587487e+00
7.016360718370485472e+00 -9.001298246073615061e+00
-1.938257291380729441e-01 -1.611099144009850193e+01
1.922331728347131730e+00 -2.781551604008853928e+00
-6.036936195414853046e+00 -1.202587587927938984e+01
-1.263709336699552921e+01 -8.927065606891922300e+00
-4.158031643136636646e+00 -9.637854302329451173e+00
9.759180996518132645e+00 -6.726079138064154250e+00
1.307357739906206007e+01 9.553180249216318032e+00
-8.669819612649071416e+00 -2.161602129602941957e+00
-9.823392612306658833e+00 -9.431637356097454017e+00
6.672984214468964836e+00 2.011416324976337933e+00
3.021500771341585789e+00 2.186924229412845477e-01
4.654433763971990601e+00 1.109353258696525657e+01
-6.254714732329382798e-01 6.994503411287677608e+00
-1.381882492820788144e+01 8.652320187514170868e-01
-2.048738693773550779e-01 9.510301231833867774e+00
6.912884775329864340e+00 1.259555553570019271e+01
9.913849629101914473e+00 8.947994732344575652e+00
-7.758648095428544167e+00 9.743852891636066715e+00
-1.144406823457007505e+01 1.186801143383641133e+01
1.023211367699745367e+01 5.814232327671014389e+00
5.715280516577298187e+00 1.420855271222859884e+01
4.001407262305349377e+00 -9.424421430371303643e+00
4.227080066187340890e+00 1.455570745966495849e+01
1.313762673404957937e+01 1.785278093213864992e+00
2.194136925913024783e+00 4.882201719753119562e+00
-9.348823863398539658e+00 2.609393815055206289e+00
-6.404260787130331423e+00 -1.529340327006883271e+00
1.388970399195368088e+01 2.167751677758609219e-01
-1.431111496339545042e+01 -4.466333513046816250e+00
6.743041917788577422e+00 -1.378782345527674380e+01
8.304619019584020378e+00 9.898265790593491431e+00
-1.490941737612054752e+01 -1.468964982533037755e+00
-1.562664835322623880e+01 5.049474020462554336e+00
1.461753551408197183e+01 -5.447374154411795288e+00
-2.799834567935272744e+00 3.827246109172861566e-01
9.674967720653881997e+00 -1.254946650100972505e+00
-5.791610167318040681e+00 6.938697088940820379e+00
1.888725408428665986e+00 1.614308969338981825e+01
-1.618528665617906981e+00 -2.410229768168893116e+00
5.102967959312369572e+00 4.570204873040069060e-01
-7.137941975839815711e+00 3.320437598304327054e+00
1.431778086173720510e+01 6.050188587285472153e+00
-1.620502349127697173e+01 1.346135880817403319e+00
4.338694826712504948e+00 6.978734299527584284e+00
3.736209040296980533e+00 -1.320434894203843967e+01
3.016284099339141989e+00 8.889539026152984746e+00
3.147754953786485288e+00 1.250747058538468437e+01
6.189998378006933422e-01 5.871923865394542474e+00
3.247118071357757429e+00 1.043193563498232024e+01
-8.371712754128848744e+00 -7.713590700402392031e+00
-1.211241417965926281e+01 6.035999405854933997e+00
-8.811568980569939313e+00 1.228439297838811939e+01
8.083139922524310350e+00 5.998047664803074497e-01
-1.551673143774923602e+00 1.522679485180327674e+01
2.116794147854712094e+00 1.408125291778057075e+01
7.551596403693245918e-01 3.636655540314492896e+00
6.491381938516870065e+00 -6.739445342098482783e+00
4.318748447322882100e+00 -1.514311750976995441e+00
6.480091264477998436e-01 7.937642333088238189e+00
5.269680098731583939e+00 -1.421119804152001720e+01
1.152312797479499906e+01 7.270078541005688066e+00
6.429953461080533117e+00 -3.095465543134938713e+00
-2.219468997938090382e+00 -4.859562581028688655e+00
-1.032538336030971848e+01 -6.359982501619139583e+00
1.259907161364652595e+01 -1.091098111682665461e+00
8.848567661594533007e+00 -4.051255942511922115e+00
-3.862473543522865427e+00 -1.481757575839838914e+01
-6.680210074756256944e+00 -9.563416440661814732e+00
1.564931179785703108e+01 4.801468957788042502e+00
-1.122165405304802022e+01 -6.822510457820918361e-01
5.453479337465694243e-02 -1.042365610317841274e+01
3.765499418563820200e+00 -4.805430564547837236e+00
2.762479953487968487e-01 1.292300732968178067e+01
-6.520981790441243930e+00 1.430394056117844315e+00
1.094659544893631420e+01 -8.626299886373768544e+00
8.536552567681351178e+00 -7.890048530364278889e+00
3.999069131804205313e+00 3.979412498564780520e+00
-1.570243218232496574e+00 1.368636993250153466e+01
6.859158530566126899e+00 5.241713026890487015e+00
-1.408346684142261118e+01 -6.133046560476639542e+00
-1.565302706395005572e+01 -5.765521422667841733e+00
1.210814712871279397e+01 -1.062083526756584462e+01
-9.111262213369428764e-01 8.654547451166578753e-01
-7.215726913916258312e+00 5.841972556365004010e+00
5.106329391109014182e+00 5.564079665868483460e+00
-2.733202247661939310e+00 2.733801406064454653e+00
-2.449390064091510055e+00 7.231220340875768926e+00
-3.967322675651137942e+00 9.904397861509298906e+00
2.225509331841813321e+00 -9.811532559199299897e+00
-1.305410675603405934e+01 8.969172612011416135e+00
-3.037380150321491001e+00 1.155084479624833449e+01
-1.217903908561020465e+01 1.290775434153786705e+00
-2.196822997921387355e+00 -1.461911744739381014e+01
1.146572896639511541e+01 4.690467464113442730e+00
5.945525192573022366e-01 -3.726906266414902191e+00
-1.436386721608803541e+01 6.978451531440704514e+00
-7.595907225180907218e+00 -1.230764503563526446e+01
-5.875598112902009618e+00 1.265506173363321452e+01
1.229737927204478609e+01 1.110060036718774512e+01
-1.230333658286297194e+01 3.207654407633825144e+00
1.043834540088974805e+01 1.171307417378486093e+00
-5.638066916687343166e-01 -4.787774294082034032e+00
1.607504588650366628e+01 -1.518313509472914546e+00
-6.282176533123317697e+00 9.089577575867021864e+00
-3.657620916388509613e+00 -5.842610619872694144e+00
-4.204282856770138466e+00 -2.584645882241243697e+00
-1.044097424089257586e+01 1.492886177566642658e+00
1.235455817075772345e+01 -7.804924670448354362e+00
5.400174507556663173e+00 -7.876205607013886834e+00
4.589838206694061284e+00 9.032077689721308644e+00
8.587759942732596130e+00 -1.218248249726316246e+01
1.126213157143999766e+01 -6.146936460008470604e+00
-3.106727968308199195e+00 -1.114864381834440543e+01
-9.325716021582485027e+00 1.082950812725104583e+01
1.332303685947108818e+01 7.620305846788095749e+00
-1.123198574752816015e+01 -1.144039525298541093e+01
9.244631147510833813e+00 -1.014452784490832116e+01
-1.230775815059460854e+01 -5.193411828195801050e+00
8.141297710176502278e+00 6.994420022307089368e+00
1.607188558254615884e+01 1.534200710433850645e+00
-4.973994574110585987e+00 1.102364064285723089e+01
-7.279934974736665509e+00 1.331839993608445027e+01
-6.416110988525606018e+00 -6.979431170696900111e+00
1.455934605510119439e+00 9.337093007628467944e+00
5.690065234595696353e+00 -1.178918654580138181e+01
2.176091856127388979e+00 1.721610274310521049e+00
-6.027246194196205664e+00 -1.519030505488515814e+01
-1.008446712499941889e+01 7.928254093928408963e+00
-1.243619040695606515e+01 1.064520093681227664e+01
4.360743367039699336e+00 2.379804240074101074e+00
-1.864258599029017915e+00 9.527698377465210200e+00
2.472779530584446661e+00 7.435990722448181600e+00
9.420192441310813791e+00 3.522030802305895492e+00
-9.335885319143413241e+00 -1.089584289046861088e+01
6.957587940141550575e+00 -4.918255642254170112e+00
1.702567537283634636e+00 -4.989952359127372006e+00
2.900082993102287787e+00 -1.511022966527705336e+01
-5.159463673511771376e+00 -8.044767873287829829e+00
-7.820281428857807526e+00 -4.688581720601197489e+00
-1.213759137367025076e+01 -3.146761994945576291e+00
-1.035128090604182205e+00 4.107031245835500499e+00
4.510241666495524271e+00 -1.574404412894982386e+01
1.001676486879620498e+01 1.129039970208980037e+01
-4.497628881682306456e+00 3.580833923636888017e+00
-9.713512036220240731e+00 -4.551109500852138723e+00
1.454734317580992098e+01 -3.927742762415354250e+00
8.466034759241487961e+00 4.901657605010747432e+00
6.681418229011935495e+00 3.680403621720859775e+00
-1.429843176662048521e+01 4.184896487797253428e+00
-3.757089070527912966e+00 -4.224699297973955936e+00
6.167480682222763022e+00 8.318801620461506729e+00
-1.593878296802230565e+01 -2.861365342438432435e+00
-1.460078934909363291e+01 -7.702915183863510151e+00
1.182738781427988073e+01 -3.951254856833362084e+00
1.491657032738081767e+01 2.786893332198086881e+00
4.131552164680751815e+00 -3.198316038770915526e+00
1.232717843193630713e+01 3.885301367379945248e-01
-7.205763095482421221e+00 1.168488782501259848e+01
1.107759810652047960e+01 1.011964980679032067e+01
-1.387528625271321125e+01 2.638496845476694830e+00
6.534504881485396766e-01 1.482222391362439851e+01
-1.051497461647447018e+01 9.624114355691098410e+00
-1.903937043157343467e+00 -1.659475628285253279e+01
1.296327373665484473e+01 5.046040276479264008e+00
-5.199287327899503097e+00 -5.563397797173479375e-01
-1.853748746587591256e-01 -1.327947683200402729e+01
-6.045434686122856505e+00 1.519363130519864313e+01
-7.955294960599321286e+00 -1.438380189276738008e+01
-9.735638038922106219e+00 5.613642065128129133e+00
2.577028381790299250e+00 -1.160901931852648161e+01
-8.180225999849529472e+00 7.124201793802455995e-01
-3.445686591156801981e+00 1.353392848798389281e+01
9.814650996620031265e-01 -4.439831777182767780e-01
8.631911259813229265e+00 -1.376118906715750612e+01
-7.701173681993454423e+00 7.359938852346726179e+00
8.182102487254354628e-01 -7.919118029532665304e+00
5.131350126017625968e+00 1.280339480555909759e+01
-1.315400886092838206e+01 -8.205684544458797802e-01
-1.023893432095279898e+01 1.308965347587295014e+01
1.031099531111468792e+00 1.096687573688263839e+01
7.567234739906794516e+00 -8.816387410946120440e-01
1.120940902407528128e+01 -2.079197742547316707e+00
2.553865709776676596e+00 3.316598189929244711e+00
-1.072328959526413961e+01 -2.512456710370624791e+00
5.411889602117820885e+00 -5.143918393441314407e+00
-5.694905760029852715e+00 4.798031931319844290e+00
-3.695828435255130273e+00 -1.281011636395066589e+01
1.318959546958061324e+01 -2.879377966421801105e+00
1.607759966416519148e+01 -4.457961778690963328e+00
7.504045181168191192e+00 1.495034165618552180e+01
1.102163931405200614e+01 -1.241347933670035886e+01
6.251571415466521842e+00 -1.553044602425856624e+01
-8.235939357813819583e-01 -1.076733805535781130e+00
-6.474555621216085299e+00 -3.401352641851042691e+00
2.860914774245593151e+00 -7.608234609145918981e+00
9.423341346676121333e+00 1.280747673365730677e+01
-3.414777881817837368e+00 -7.785872387931984662e+00
8.841393772980680410e+00 -2.520851125937078052e+00
-1.163333193923224940e+01 8.393983159282541351e+00
6.348108973696838575e+00 1.030940625346890371e+01
-8.033984751398012492e+00 1.463809694341394874e+01
1.393993929678044807e+01 -8.937590666488809177e+00
-1.397566440812155975e+00 -6.940196668227830656e+00
-2.514016795693381212e+00 4.975652851255169651e+00
1.393871610675638806e+01 -7.130627805669206509e+00
-9.685933811645110580e+00 1.278972916069704979e-01
1.256043061063207489e+01 3.480375074519578504e+00
1.040380059377204347e+01 -4.876765343735002034e+00
1.381495101549287341e+00 -1.504697892190543840e+01
7.622745267145756287e+00 -1.071443806561965673e+01
-3.921481628109660278e+00 1.393048211749857046e+00
-4.816045076920119072e-01 1.654014978018673787e+01
-1.075987796248057293e+00 1.140620091357754262e+01
-6.031472065759485801e+00 -5.090252650025966830e+00
-1.380053123939674720e+00 -1.182288964160934697e+01
-1.609088403057396377e+01 3.357056799464608332e+00
-3.132190130767195768e+00 -1.495106650170534124e+00
1.314067637808213718e+01 -4.907968259756939844e+00
4.287488606970548233e+00 -1.094185563334250766e+01
1.456738708973644947e+01 -1.533661801309946782e+00
4.246921261969809791e+00 -6.873268396496102994e+00
6.062619967196500426e+00 -9.355237160989382517e-01
-1.102089528166771970e-01 2.146511072930227471e+00
-1.608042957464340006e+01 -2.763845627484826650e-01
-4.951313115904113715e+00 1.385216787396834093e+01
-1.403066824686686687e+01 -2.912543313585768345e+00
-5.465544189100723926e+00 -1.050071901522000850e+01
1.586958735947961685e+01 2.734668283395436106e-02
9.464782571682448520e-01 -1.169158580296860706e+01
-3.730318942577794061e+00 5.940037787319678131e+00
-8.763196177193547598e+00 4.072106338979835982e+00
8.113039005290847427e+00 2.701135190303176614e+00
5.242842326335370728e+00 1.570652559189263542e+01
-6.117600199305275765e+00 -1.354456386771524556e+01
-8.312543591818778665e+00 -9.779432268866408151e+00
1.104364436498066127e+01 1.250436133579481535e+01
-1.297900370153642768e+01 -1.051225445251606949e+01
4.081304593182970564e-01 -2.128505270792352633e+00
1.505942378692171957e+00 -1.664778322148100997e+01
-1.219369515252367542e+01 -6.741648822416408393e+00
3.410606061449783510e+00 1.616337853071071606e+01
7.387331364009313006e-01 -6.387129061396604968e+00
8.504109629451381380e+00 1.161825756688673650e+01
8.718024073923100303e+00 -5.546719704238272541e+00
-8.249179896191812134e+00 -6.165557211989504793e+00
1.087594048595155627e+01 2.863662866784949301e+00
5.644216089757254196e+00 -9.836348791030081529e+00
-7.940506890364567028e+00 -7.709869703623475345e-01
