# Antenna elements layout
# Station label: stn.272.N4-6
# Number of antennas: 256
# Station diameter: 35.00 [m]
# Antenna minimum separation: 1.50 [m]
# X[m]  Y[m]
-1.005972478294052053e+01 -8.106750349336627082e+00
-7.046656264572796147e+00 8.439418332982910442e+00
1.842473008432495618e+00 8.976864736396947819e+00
3.593427598632843001e+00 8.481770549645503365e+00
-2.964889919261942453e+00 -7.535600527933830506e+00
-3.177516256231493585e+00 -1.077984011039830392e+01
8.354765938461010677e+00 -8.942980531483128104e+00
-3.885165823240541272e+00 -4.899531013195371543e+00
-6.855982159560833011e+00 1.990230570799276677e+00
6.039968189845012603e+00 -1.075206501893278777e+01
5.428716021512787648e+00 7.632969082952360651e+00
-1.145847383387488527e+01 2.245126796169053307e+00
-5.032715431591473276e+00 -8.136820254654431039e-01
-9.866223121363258741e+00 -4.291886933326805931e+00
-1.229751092685721048e+01 -8.071624287558536892e+00
-1.148888171142388614e+01 7.271696105291297840e+00
1.243441626271646783e+01 1.066327972873106233e+01
1.403646215558438826e+00 7.486960399587616166e+00
4.899585451874141739e+00 4.080567254106149733e+00
-3.014839172058296768e+00 1.440883281602938126e+01
2.869630608406222194e+00 -2.832944704934556412e+00
4.636168104220011799e+00 1.071888322180622666e+01
1.316301732461703367e+01 -1.002379964551862912e+01
1.168848653091373535e+01 5.634945814042996659e+00
-4.695050097684712043e+00 -6.468565356357892426e+00
-4.000793974448765056e+00 3.829583841293082713e+00
9.294593657648995588e+00 9.940229645100437494e+00
1.554177169319252982e+00 -8.418396191336283252e+00
-1.321381973659066489e+01 2.710866703221807228e+00
1.044062871389376568e+01 6.743817145998015405e+00
-5.785614653622383585e+00 7.317664032895354609e+00
1.996592949475108014e+00 -1.407266060877397962e+01
-6.336791114791324731e-01 1.432264908406691006e+01
7.201157732198289807e+00 -7.675537752468102326e-01
1.591760499116651317e+01 2.895837128789313653e+00
1.555307396429316213e+01 -6.155355655399590731e+00
1.380542556334015813e+01 8.165094912438409125e+00
-1.328451756878331125e+01 -3.703745369127133813e-01
-4.177761297486005887e+00 -1.464533030397449664e+01
-1.424624621517417289e+01 -6.455406309832603995e+00
2.986035121692864891e-02 1.278449984077441925e+01
5.761468844645037279e+00 -3.400979676586546319e+00
4.487802923849226744e+00 -4.544045179416009717e-01
-1.528568684626751661e+01 -2.680414724591843267e+00
4.794045211673953588e+00 1.269030001767024629e+00
-6.496696504419009699e+00 -9.661880375119162423e+00
9.578627259847852571e+00 1.347902920093931201e+01
-9.424975212832400473e-01 2.648775757182225021e+00
-1.163048920146843201e+01 1.300722669331015879e-01
6.616429104892748825e+00 9.572983889700655169e+00
-2.678373160251323881e+00 7.732568879737776513e+00
1.790646222105845453e+00 1.144748229384388338e+01
-7.511680378257082680e+00 5.078519961043635789e+00
1.529077955831431979e+01 -8.179312264615177241e-01
1.815568739842355228e+00 -5.121560703644995272e+00
6.618449670756351821e+00 1.391352562908181412e+01
1.143072393941485743e+01 1.862455043814570388e-01
-5.629663756980637146e+00 -1.341187029414723497e+01
7.477053782486109412e-01 -1.266605590456337183e+01
-6.901121789388556138e+00 -1.220551922195369343e+01
7.293066567721631088e+00 -2.976305403681216433e+00
3.075900882720716822e-01 5.489970753102948464e+00
-1.527977446753256530e+00 4.886785043602458245e+00
-1.150478889019867701e+01 -5.520228391437305149e+00
-8.817675757978841844e+00 8.267889326020664953e+00
3.781240963683419665e+00 5.777494314463520908e+00
-1.069871380448741682e+01 9.344889327738442830e+00
-9.503618325478150552e+00 -1.349342465216302323e+01
-2.956767359769486347e+00 -1.244076300922450784e+01
4.156791083619587823e+00 -8.108490852757949341e+00
-5.745180543087970548e+00 5.452963265141978155e+00
-7.383885246843036043e-01 -1.672082102920245461e+01
-1.388973804221132369e+01 1.164919790692284352e+00
-3.998418383405224930e+00 -2.406355929468658061e+00
-8.939620737384647242e+00 5.908218458059721456e+00
4.476153486982994423e+00 1.609594329300961846e+01
1.016293908634177257e+01 -2.377243462342834235e+00
1.271654173079857131e+01 -8.900397552162928605e-01
-1.330433208487332131e+01 -3.159422036485343810e+00
2.720496883718901415e-01 9.962773775249868180e+00
1.148306041210563677e+01 8.054864868906818742e+00
-9.454436345991959811e+00 1.066636026144655247e+01
1.370455838389613135e+01 2.015549228261658499e+00
-8.838115705581737203e+00 -1.213926903696522075e+01
2.898554415378029603e-02 -4.166408239195659391e+00
9.135528350040456047e+00 -1.329255459724859278e+01
8.936709641097639434e+00 1.159377472745601878e+01
-5.205769572368708964e+00 1.091006006667835493e+01
9.340543562635765795e+00 2.131378280463167130e+00
-6.684310779535245217e+00 3.526071726643181137e+00
-1.431627550363813839e+00 -1.330872777298573340e+00
-2.076500144082718435e+00 1.736033984497886706e-01
6.380047334927745339e-01 -7.037564041420649730e+00
1.782325013670085667e+00 -1.039432847591023545e+01
1.560011416644606186e+00 -1.616220873117267942e+01
1.355054568017170880e+01 -3.750429530733894623e+00
-1.413705030368143056e+01 -8.050498694818825740e+00
9.946510253763364062e+00 -7.101293447151219240e+00
-1.365327943423015000e+00 -8.335513807955059917e+00
1.209180786916537897e+01 -7.081377517689080747e+00
-9.602361638360079610e-01 1.671104660377066153e+01
4.920832429678757336e+00 -5.739791330249643053e+00
4.133525820669397888e+00 -1.062028710252382169e+01
-3.654373213936445097e+00 1.526008255943644087e+00
1.037202108636484255e+01 -1.017469024560069180e+01
2.591398660200443516e+00 4.752417892398145938e+00
3.097134013417282006e-01 -9.433137838472788417e+00
-5.820150362165961155e-01 -1.477935307277694577e+01
-4.292348061043320229e+00 8.834767127700892786e+00
5.523372186487183200e+00 -8.950527732274181858e+00
-1.331925233720873791e+00 9.814786807619860554e+00
-5.595283369658174522e+00 1.327995366477844996e+01
3.002741112323647599e+00 -7.021927872539500015e+00
-1.368803632482046595e+01 -4.615543601999936740e+00
2.728350241180429236e+00 1.437864939084505878e+01
8.914619315179969306e+00 -8.509082851350804333e-01
1.201363900411511665e+01 -3.895811361609084145e+00
-5.889016548651756722e+00 -8.213991675565166517e+00
1.570212048140394501e+00 4.366820608982706631e-01
5.982851109453143579e+00 -7.200765294524483551e+00
3.618301143007521148e+00 -1.430621002013065102e+01
-7.024281637490160435e+00 1.123623916169110615e+01
-6.829083664415946942e-01 7.313349025377203105e+00
-2.293258476663522671e+00 -1.519179807121498804e+01
-9.081859382270264902e+00 -2.330836149065014240e-01
-4.109140166478216116e+00 1.234538551642133442e+01
1.062560989977261983e+01 1.157541554970967823e+01
7.785000739899725630e+00 4.486845182821831202e+00
8.802493569240652960e+00 5.635782151733742751e+00
-6.220402991063343379e+00 -2.245382437293418576e+00
-1.630450215395004676e+00 -1.058105764760380652e+01
-9.506723331456939263e+00 3.660566307702261213e+00
1.095408078332648216e+01 -8.304427440263705051e+00
2.918977071308624716e+00 -9.988943446930846903e-01
3.477775559314210341e+00 2.909551308633933075e+00
-6.686828292436736376e+00 -3.736358670970711060e+00
-9.898259367138070530e+00 -1.050177964323262891e+01
6.314832057928985165e+00 -1.434980992858394622e+01
-1.690605026296370994e+00 -3.734905355059447984e+00
-6.390933581900814175e+00 -1.529121586246705533e+01
1.435422836931192236e+01 -7.630175447787189924e+00
-1.199667507454319981e+01 -1.656184338516188959e+00
-7.882869587139177625e+00 -6.737291936643526213e+00
1.232893469785719631e+01 -5.481447212061762997e+00
3.283677005842172036e+00 -5.528827680825674662e+00
1.302093804488300677e+01 4.439211678502434921e+00
8.660853783414065532e+00 -4.544487233762428247e+00
7.141605050862896320e+00 3.017746630013011355e+00
-7.926271951019613127e+00 -8.699996294774535954e+00
8.390786158161521513e+00 8.031422537712433751e+00
-1.290860664762054810e+01 8.706432747757865798e+00
7.553715441110121276e+00 1.184271742107931402e+00
1.083740062151206374e+01 4.131184856231197244e+00
7.042893032885466198e+00 6.823138530820251901e+00
7.591420108014048651e+00 -1.290492477484426814e+01
-9.221965122721044850e+00 -2.393609943233315107e+00
-1.203660305164066457e+01 1.116944544176547538e+01
-8.163374212577457101e+00 9.792501719751609102e+00
9.501043157772208758e-01 -2.174867776484830983e+00
5.032028199545692360e+00 1.243419585525627724e+01
-1.141334871258942130e+01 4.677885588417272089e+00
1.099957339579725968e+01 -1.233578318104694915e+01
4.194220324836326341e+00 -1.288549973485901390e+01
1.042100013315337748e+01 -5.123331137814975733e+00
-1.392694272432850155e+01 5.753620402547181101e+00
-7.176349443145337403e+00 3.997775333354063321e-01
1.521718067874192570e+01 6.646494222450506584e+00
7.591241587646287314e+00 -7.171709859719914704e+00
-7.315649948727982022e+00 1.304633755366857528e+01
6.604356738472002775e+00 1.142578113908449922e+01
-1.527000504758966137e+01 -6.148994610098270641e-01
-1.525551204453772769e+01 -4.379394205738122992e+00
1.639536235693107358e+01 -2.821010805175555802e+00
-1.064849719348516288e+01 1.174323782975655561e+01
-5.998008524569423017e+00 1.528783418049716403e+01
1.461667761521452036e+01 4.267617502239609450e+00
-5.314543677048867210e+00 9.581101294677445424e-01
-1.040308750426752304e+01 -9.749759849695784908e-01
1.625921860837198096e+01 6.261966270912928678e-01
3.468582977656851085e-01 1.714236593005697529e+00
-8.741007913888079628e+00 -5.370390020805420050e+00
-4.977247506696954815e+00 -3.729145124149495061e+00
1.080874671546670740e+01 1.700126970806500992e+00
1.101793438262440361e+01 9.880965403074739584e+00
-7.262989365022949784e+00 -1.106694778654226496e+00
6.953787550656755911e-01 3.276172070733085917e+00
-5.750541788468055415e-01 -2.695081555058866485e+00
4.334874576870870300e+00 -4.215366868045148152e+00
-1.507237649478279273e+01 3.960300467387369849e+00
1.910281951516431320e+00 1.656249247074340758e+01
4.809177360391057476e+00 -1.604306778152028556e+01
-5.257280281852265702e+00 2.669468545551026750e+00
5.570145642870222957e+00 5.629537288062511635e+00
5.033289941199161177e+00 9.184807862615098628e+00
-4.163234926063624997e+00 -9.596034078969928771e+00
-1.524570742720451122e+00 1.210219342508395002e+01
3.179156504473347411e+00 1.305446755843902906e+00
-6.227434421361188299e+00 -6.212929181717553817e+00
-1.583673518909319888e+01 7.970417266615577034e-01
-7.783439774923792243e+00 -1.087703228537019484e+01
-1.069447663297003714e+01 -2.930865366109010495e+00
-9.439732600345527302e+00 1.298046988749785058e+01
-1.309633057188972849e+01 7.173313100631784067e+00
-1.037679523805391213e+01 1.074596932209743727e+00
-1.214852540269923509e+00 -6.523927659382048105e+00
-2.356448547427097751e+00 1.594481802365587697e+01
1.584245414905186067e+01 -4.455654261092179880e+00
1.419975488872243830e+01 3.849302210677727487e-01
-1.116063786500406252e+01 -1.232532096518301401e+01
1.926464643637807228e+00 2.371276427995095304e+00
-6.342410036088763192e+00 9.785002084917174159e+00
1.243507700592127208e+01 -8.580502744688059735e+00
1.271334546735073445e+01 -2.459585068438252975e+00
-7.747766928047798984e+00 1.479253177419526821e+01
-4.297349291488520961e+00 6.623384819092947851e+00
8.629206388336363887e+00 -1.051071257351914490e+01
-1.461885385680110261e+01 7.308090938341116782e+00
-4.422094621218409571e+00 -1.164719023509938012e+01
-4.335342126585651101e+00 1.585150357894635675e+01
4.341609492220005251e+00 1.380852206880565092e+01
1.327690779691779355e+01 5.919745052333329483e+00
7.876176859351261328e+00 -1.445585741244106970e+01
4.610308982458725779e+00 -2.191597576784081625e+00
1.114569209207232348e-01 -1.126474574948751517e+01
-1.250407794365378855e+01 -1.000995626007692252e+01
6.524570783913244298e+00 -4.964129198566514134e+00
-2.198469503897534594e+00 -5.382949650857520751e+00
-9.661765155252695081e-01 -1.316295942644094907e+01
1.207748504810557577e+01 3.076808708018599958e+00
1.424969155918351760e+01 -5.309042971756618101e+00
9.309201667795907298e+00 3.924731069375408055e+00
5.398341415080309957e-02 1.688961526966039628e-01
3.678160059356869738e-01 1.593932926989611332e+01
-2.706803242276615507e+00 1.043054512997658279e+01
6.054920866227298859e+00 1.538862369620458992e+01
-2.812099870525578638e+00 6.220452878902683835e+00
-8.217773847666515863e+00 -3.938454582879044708e+00
-1.552933629937214377e+01 2.426885034883408565e+00
3.265705976934246024e+00 1.213644809557781201e+01
2.911364039713760121e+00 -1.169034189338000651e+01
1.488533293816067982e+01 -2.691419567877932906e+00
5.783300085814524039e+00 -1.279499856958426207e+01
-1.653987899255405125e+01 -1.629324085095962715e+00
-2.300682317825792467e+00 3.509471243362348503e+00
3.169357140194303923e+00 -9.453796086375396257e+00
-2.937061187000466589e+00 -1.199394943314324280e+00
9.763686589222761114e+00 4.705115554185823612e-01
1.181178529856327941e+01 -1.070689001644776894e+01
-3.483743148944595802e+00 -1.612468702211324256e+01
-1.569534736886989457e+01 5.598914961830740111e+00
-1.198537833617138126e+01 -4.012480391784366773e+00
-8.310359771305469323e+00 -1.442677286923633240e+01
8.048337971641689848e+00 1.289371143864270408e+01
8.205003246382894133e+00 1.446688162313530768e+01
-7.803848620918717671e+00 7.112354835842829459e+00
-8.822035321739420510e+00 1.575401276076952684e+00
