# Antenna elements layout
# Station label: stn.404.E12-6
# Number of antennas: 256
# Station diameter: 35.00 [m]
# Antenna minimum separation: 1.50 [m]
# X[m]  Y[m]
8.687271677430569383e+00 -1.311784531242930996e+01
2.125132528162275491e+00 1.221670812593491107e+01
-1.435343189034750111e+01 -6.249606735269511049e+00
6.885301676306887941e+00 -8.844901893423335437e+00
-1.582548907073397260e+01 5.201491687400732644e+00
7.078485478001155684e+00 -1.096273038070439299e+00
-4.361266597128000910e+00 1.159579697485292016e+01
-1.296993641673807929e+01 -7.522334560911627221e+00
-7.862157065257077804e+00 -1.061660431301935148e+01
-7.487300817790355723e+00 -3.320125247893058074e+00
1.821099677261358352e+00 3.143517678117014214e+00
5.665264393065520210e+00 -1.060650542120087536e+01
-1.034351751312452450e+01 -1.104417460659264805e+01
1.171942010672785983e+01 -1.156825938639692097e+01
-1.153252877180250380e+00 -1.561047773874144973e+01
-1.003145211758731392e+01 1.290726283615587278e+01
-9.209185767934531697e+00 -4.433499836778349135e+00
3.565023905749647781e+00 1.306312207863514274e+01
1.208470097971082424e+01 8.748526370587541123e+00
-1.814470913339691904e+00 6.852836798277330388e+00
5.275734433490963937e+00 -5.368376633901451811e+00
-1.282951023457633610e+01 -2.773326913097733382e-01
-6.012109940593596491e+00 2.714769013516281859e+00
-2.167286513257284497e+00 2.671997490195249014e+00
3.511290226852612051e+00 3.605124819533120473e+00
-9.368774002621883312e+00 -6.229241322272089931e+00
1.035363202617666190e+01 -9.931622123561371751e+00
1.384490267298366462e+01 -4.164207673938980392e+00
-1.212267997437558265e+01 6.948963119567810764e+00
-2.649478108468805715e-01 -6.525449864559149660e-01
-7.342028015383547768e+00 6.799931530891438314e+00
1.088520055631771655e+01 -2.722208432008931922e+00
-9.144177579494478181e+00 9.361342377318802477e+00
4.136782799939183519e+00 -1.222459330058871174e+01
-1.951052862893384088e+00 -6.327412579679439375e+00
-4.619204469938345881e+00 1.369467704018098786e+01
-6.108048542123997393e+00 5.217316673802134375e+00
-3.364614156382589982e+00 1.491841683978461930e+01
1.682755495760552833e-01 1.646713658455713158e+01
5.334343519525067023e+00 9.722226591108942273e+00
-1.478501382090728988e+01 4.022347605694918116e-01
-1.347107662724340393e+01 4.119305714800244544e+00
8.441322262914809471e+00 1.444738947887825731e+01
9.013238034215405037e-01 -5.051870257971168954e+00
-1.311118267210629185e+01 8.597391521249271307e+00
-1.063000968456151440e-02 -6.385048344154867550e+00
5.832798832973058012e+00 3.927628305607054671e+00
4.145402457150929365e+00 1.130965388348301559e+01
1.282291965791782573e+01 -7.415961750486484760e+00
-5.848743058524609850e+00 -1.137573186916893597e+01
-6.228527899704765503e+00 -9.314719936061985450e+00
3.162634089921485980e+00 -1.973152141985115904e+00
9.474505123856030053e+00 5.457017959239312432e+00
6.081554834878275528e-01 -2.310606260863822925e+00
2.801148784990683538e+00 9.459059962982188097e+00
-1.364780143052901984e+01 -3.440612371793120516e+00
3.235188112040074060e+00 6.043000318253685776e+00
1.436881426598419864e+01 6.666730844818420820e+00
6.799776190286671351e+00 -4.535734424031771184e+00
-1.058018028492747931e+01 8.798919515993819829e+00
-1.175820660895070446e+01 -6.033531714917019784e+00
-3.250795619398372693e+00 -1.187591966983363889e+01
-1.013897431879622602e+01 3.883768850787124194e+00
3.959742954571684237e+00 -9.461912168309199345e+00
-2.596825458588284619e+00 -9.984215171950088674e+00
-1.391518266891823785e+01 2.456210673934037914e+00
-8.921468761363533062e+00 6.737705865126173421e+00
-4.442445378982270654e+00 -8.918921919133662612e+00
7.343951356504270223e-01 -1.344289797704408507e+01
9.982158774641817445e+00 8.558435072490926387e+00
2.510314018966106175e+00 -5.599677457741607967e+00
-4.294582321825835436e+00 -7.081357640052765134e+00
-6.005459240383347108e+00 1.276978286755909409e+01
1.358770778538731605e+01 -2.300238823869058535e+00
-1.202671480298862861e+01 -1.142615043843076172e+01
1.196706953776558890e+00 -9.407818434557809084e+00
-1.040676617529586423e+01 1.278043982522508060e+00
-2.972916750373455486e+00 -1.519068973316253057e+01
-3.256177700723213775e+00 -1.860651455276036259e+00
-1.137627978291439490e+01 -7.901493513163789117e+00
1.640549860530192205e+01 -3.914720755432128385e-01
4.244223909782185444e+00 -1.535360930780962008e+01
9.570445372778877413e-01 -1.504408319784884718e+01
-9.449202361633426861e+00 -8.848652925207128206e+00
2.176387654132113880e+00 1.620116929187444299e+01
-4.197798394050016313e+00 -1.328912036749831316e+01
-5.966337209341938674e+00 -1.320981826536530335e+01
-2.064959360112718301e+00 -4.427872818843056280e+00
-1.598509824194983331e+01 2.828209591932743905e+00
-9.608914799936250972e+00 -3.210648275513392491e-01
6.602059422401840294e+00 7.373327648832059822e+00
-1.401533297777202236e+01 5.522604207924295849e+00
-1.556059357272756394e+01 -1.884106459140845402e+00
9.274032895332481985e+00 -1.149287125359280992e+01
-1.028741803726360615e+01 -1.674847541528103889e+00
-2.349692493902269419e+00 -9.280257935508018363e-02
4.128763733990282958e+00 -1.499787657440130317e-01
9.508004798662650359e+00 -4.969715244896768525e-01
-5.630858882767221019e+00 -5.099875473476592092e+00
6.680186846301641168e+00 1.230060749366309736e+01
1.447153287605321026e+01 -9.324833415839393069e-01
-1.760914292510227241e+00 1.233393384426254613e+01
8.060138914154677536e-01 -7.837999221598721533e+00
-1.372212293879379352e+01 -9.455700201011302042e+00
1.100571444010483546e+01 -5.207002481489197976e-02
1.060359751078086887e+01 1.071305305709407563e+01
1.443502919874749324e+01 3.891858511503048845e+00
-3.100744039453573464e-01 1.020264442948095152e+01
1.370462469459290844e+01 -9.327614099898065447e+00
-1.972199492497669127e+00 8.362136340782011956e+00
5.602709782229570834e+00 1.893386094480359105e+00
1.346069952499458466e+01 1.500571452726504162e+00
-7.449428539006158090e+00 2.948515033368153127e-01
4.966499434856235240e+00 1.454527653986951918e+01
-4.826372943365685231e+00 1.177593114868603408e+00
1.113557205019642993e+01 -5.377863384551478276e+00
2.071640573966224252e+00 6.630480818961501654e-01
1.286144069137777990e+01 -6.155151373664402570e-01
-6.071317539732383750e-01 -1.277164841596095179e+01
1.104627453022123262e+01 4.358546933813773450e+00
3.585083161836433163e+00 -3.717539319539685749e+00
1.513491997883641460e+01 -6.698702860017949234e+00
9.120281153569983701e+00 -7.305041870084302502e+00
9.219632365733950508e+00 -3.164057181283212117e+00
-4.468143208547234124e+00 -3.803990191865588955e+00
-7.569574961503107602e+00 3.154150973164938421e+00
1.561757246245259978e+01 5.245400210638546667e+00
-1.629248003896163510e+01 -3.355643553419589864e+00
-5.483659424781190950e+00 -8.613789004900240798e-01
9.114165602467334537e+00 1.823877713923803157e+00
-4.118765014141487768e-01 8.947308244386213971e-01
-1.012474017736442988e+01 1.101989672848499069e+01
1.034263476479964083e-01 6.561164930124508743e+00
-6.223301682524745360e+00 1.516212228803734519e+01
-9.884266793096081472e-01 -9.387511092459337902e+00
1.038068330612421875e+00 -1.164973045204409097e+01
6.666689499321822865e+00 -1.253686701680074123e+01
-1.309502150987997737e+01 1.028123347450953062e+01
7.324517216070962178e+00 -1.087814147833418232e+01
-1.454203088685722633e+01 -4.755876903526514710e+00
8.447557309760306055e+00 1.006714569931698122e+01
7.893329274366166715e+00 -5.668402290807874166e+00
1.558873869699847603e+01 -2.526574825996878104e+00
6.737272257256577745e+00 1.498145391036810281e+01
-3.474709715354581618e+00 8.367086415719935388e+00
8.004608609054141510e+00 4.746720201778238390e-01
5.359915570497907567e+00 -8.576228201779438010e+00
-1.165195110171178960e+01 1.126219699907522553e+01
2.245690419877245603e+00 4.872904628043286834e+00
1.012408213331878670e+01 3.033663573750231990e+00
6.659703870986600549e+00 -1.534936960786453142e+01
-1.967294112580251664e+00 1.582422345154706278e+01
7.169809898855454833e-01 1.491484923283056929e+01
-6.472399018053017983e+00 8.437507307837904591e+00
2.647993618424774098e+00 -1.630788636669698732e+01
3.491528396185987759e+00 -7.539241442164755114e+00
1.604055237326399208e+00 7.627861165815421174e+00
-7.154857829227935895e+00 -5.455768116030176529e+00
-3.999418034975111169e+00 -5.292884257040233464e+00
9.424481580321629082e+00 -5.263043907644112451e+00
-4.396643315645498262e+00 6.337902972724137385e+00
4.698410813957721643e+00 7.135349608612212791e+00
-4.070622794124481914e+00 3.215720699990857412e+00
-6.195785900421343584e+00 -1.519755516640090676e+01
-1.876493225254741049e+00 1.075208725579945224e+01
-1.042913522412298732e-01 3.526529320970386294e+00
-7.985775922329970911e+00 8.204818860744989450e+00
-8.118866982053274839e+00 4.981558222787576540e+00
-8.843997805803841317e+00 -1.188412800168181960e+01
-2.416894728021361516e+00 -1.355953000111794182e+01
-7.373643199130238912e+00 -1.205807414974685798e+00
-7.130566279887617043e+00 -1.220319896690219963e+01
-2.229069420398777979e+00 5.183104566516469447e+00
2.217470790306130368e+00 1.405528758506854103e+01
-7.265105328742329505e-01 5.091063290974123134e+00
5.671450255243527749e+00 -4.468331072958875438e-01
-1.092667535583701621e+01 -3.996899700619126250e+00
6.785993978854300224e+00 9.272439507891924393e+00
1.333453342260363783e+01 5.232219233772138267e+00
-5.703553735960646520e+00 -7.675039670449306684e+00
1.088958668200576696e+01 7.094173051399479846e+00
-1.254731435746535340e+01 -4.490098639094167510e+00
-7.528563091876169011e+00 1.342089385445706640e+01
-1.555907386860001296e+00 -1.121463965077865232e+01
1.612496336324515767e+01 1.395873340124943240e+00
1.537282907951482969e+01 -4.158397662218265012e+00
-1.640940603072664317e+01 -1.490048108163364304e-01
8.248821033337861763e+00 3.892364930382907318e+00
9.092914109109610621e+00 7.218462163403973619e+00
-1.678906270136547363e+00 -1.506335032669596785e+00
-2.208478393833942732e+00 1.386231486610980213e+01
1.205242799996446124e+01 -9.661371225234766769e+00
1.280022497152085492e+01 6.984291035870743514e+00
-7.598442146319916546e+00 1.150137670932567957e+01
1.098107979530144007e+01 -6.954785967153570780e+00
2.801729186208877564e+00 -1.109188460100794238e+01
1.385077207447210412e+01 9.194272706812729012e+00
2.937128519472842925e+00 -1.397300353066608025e+01
7.918335351775066755e+00 5.840528637838527715e+00
6.343625175463639465e+00 5.607924933499422337e+00
8.232525703481012869e+00 -9.562289780036474340e+00
1.622952363487372907e+01 3.131691886242997214e+00
-1.195585057901169890e+01 -1.766043645126542216e+00
1.311018275068472860e+01 3.140134090550539270e+00
-7.898725755265440185e+00 -8.696090432994168395e+00
-1.382399812504500503e+01 -1.681582617259218537e+00
-9.219529463117449808e+00 -1.334565279852388997e+01
8.664939303930385250e+00 1.182911728517207095e+01
6.076427366848712097e+00 -6.868819674593453328e+00
-8.565368280658063327e-01 1.462401085198142425e+01
-5.733927271250275126e+00 1.014276624394669213e+01
-7.621054533212930693e+00 -6.955109996719119891e+00
-1.065573391152559779e+01 -1.257224953133176371e+01
-1.089973452211576799e+01 -9.632220142933974216e+00
1.906683311265808811e+00 -8.441301860508438892e-01
5.298512397257461259e+00 -1.354747444035073300e+01
-5.172941632266152112e+00 -2.417628148903277818e+00
-1.028003598458859358e+01 5.619592601375785534e+00
-1.170389304478575454e+01 2.263344808874759195e+00
-7.232017876156895397e-01 -3.344833816013862204e+00
-1.432412900120133870e+01 7.257920376914956506e+00
-9.131969939778594281e+00 2.490810982020935427e+00
-4.178527160778658711e+00 9.718113102667668812e+00
-1.191581045936165495e+01 4.321038750255642213e+00
3.448605125381877912e+00 8.059775765121983682e+00
1.171413215472236402e+01 1.350541958741690252e+00
-3.642722115184646725e-01 8.028905699824690601e+00
9.766912900685664312e+00 1.353332450269749998e+01
1.327864276567570556e+00 1.035967111677185315e+01
4.698186927412354663e+00 5.110587377225083827e+00
1.855518649086526750e+00 -3.809334484661484055e+00
6.854840526892154173e-01 1.295408692153309005e+01
3.381247536706833756e+00 2.015631381334337391e+00
3.583718538571687873e+00 1.553700415781889177e+01
1.085101252939853111e+01 1.243956986281462207e+01
-4.598676694887444683e+00 -1.047252129540370191e+01
1.123421159691510240e+00 -1.656295807788683661e+01
7.234374850115074196e+00 -2.689876866748386774e+00
-1.121416228576359231e+01 -4.041513654968262870e-01
1.300965306194742865e+01 -5.486819267635553388e+00
5.176074447476072038e+00 -3.554224880174260193e+00
-1.897661430866852683e+00 -8.184433961176598160e+00
-4.603079288926547719e+00 -1.607789588924305946e+01
-1.054079013397928577e+01 7.240224259050407341e+00
1.219308477778580269e+01 1.113054263290029056e+01
-8.840295589679005417e+00 -2.649473310384097502e+00
5.178631501735978304e+00 1.281547373099249754e+01
1.234368559245241315e+01 -3.414695519719190386e+00
1.100527824626863449e+01 -8.532793597042005018e+00
1.037894056450713620e+01 -1.286585090420301825e+01
-7.479366078958227249e+00 -1.376711606462841431e+01
-3.218686280972097080e+00 1.160319836596357845e+00
7.089920493770797805e+00 2.328685821266560652e+00
-7.375535124473854509e+00 9.673208250709265599e+00
4.909836757933454976e+00 -2.033675162006208126e+00
-1.454752629230489980e+01 -7.921225747714309762e+00
