# Antenna elements layout
# Station label: stn.135.C135
# Number of antennas: 256
# Station diameter: 35.00 [m]
# Antenna minimum separation: 1.50 [m]
# X[m]  Y[m]
5.935411041060167037e+00 -5.525383595791220515e+00
-1.167445764704347155e+01 3.191881898114967697e+00
6.052132260113019413e+00 1.209416046795464439e+00
7.867989828384668982e+00 1.257690499868565226e+01
-2.384113325194995525e+00 2.100306307821618645e+00
1.059563466003739762e+01 -7.799637535179122949e+00
-1.476775776732434764e+00 -5.767869578410891762e+00
4.057010469987709200e+00 -8.044124229616649302e-01
2.321042791879662559e+00 -2.417905931137894981e+00
2.777075830777459231e+00 5.897343711439095415e+00
-4.124599753460667984e+00 -1.298364074612423913e+01
-7.603203503444202482e+00 4.528922242522948949e+00
3.779572885552774153e+00 -1.017378687160758943e+01
-1.002349243378531796e+01 4.832105795149246319e+00
-6.680779239441179129e+00 -6.594757687281713743e+00
-6.165619755459733398e+00 -1.069065144180421179e+01
-5.550737764296920673e+00 -1.350215709983526757e+01
-1.288468331064887096e+01 -6.940158234491709877e+00
-8.740326237257413311e+00 -1.043071720394662094e+01
8.889542719999180775e+00 3.171978899771943361e-04
1.611297206142538130e+01 3.387263599278142578e+00
-1.110511419065559835e+01 -6.520925374009072684e+00
-5.560673177871864326e+00 -9.137697795630815634e+00
1.137251004342517291e+01 6.200678966703307538e+00
1.132728384626996387e+01 -2.390479735056148414e+00
-8.573204982372937266e+00 1.368503245394241574e+01
3.418464700569860071e+00 -3.825984031662047258e+00
1.329294781476022536e+01 -3.352784210233021867e+00
8.520767167873842141e+00 -5.822407649625096937e+00
1.867714851667219733e+00 -1.008459435425501383e+01
7.025997361445476486e+00 -8.894367636491919527e+00
1.328023242801766912e+01 7.843954719128312547e+00
1.661175009526193236e+00 -1.270285971470663711e+01
1.620460144483786280e-01 -4.804359630367882161e+00
-5.836674974105468650e+00 -1.563639433951283664e+01
-1.210291810977036775e+01 8.178761847646224936e+00
9.163626010660113508e+00 -7.296592411428360236e+00
6.445547238137130819e+00 -1.033762131616505542e+00
-4.114102463628652728e+00 -1.000103044380284345e+01
1.576164963206047531e+01 -4.104127624848459277e-01
1.491511161968674060e+00 9.317758630137625175e+00
-4.769202797801723293e+00 -3.748435570457969490e+00
1.119766421137807910e+01 1.076974895365265184e+01
-1.446948235344861899e+01 5.678482062085727478e+00
-1.199286216659409909e+01 -8.175529946034247430e+00
-1.006221522518404043e+01 -3.080624570850183375e-01
1.095872642623404758e+01 4.308803478424586331e+00
-1.702025156861862953e+00 5.552404095416427765e-01
2.676021888839201779e-01 4.615718799852565724e+00
-7.240331342505939460e+00 -1.508135722473868512e+01
2.177356053342652586e+00 3.747285689568858658e+00
5.499786421670087577e+00 -7.794782948406862033e+00
-1.326979153739723394e+01 7.207569084027063866e+00
1.276806537561088462e+01 1.706250022528774224e+00
2.075084599423387743e+00 1.331871783448617208e+01
3.023541996399998766e-01 1.174143504679306460e+01
4.132484481705184010e+00 -2.430282557611004535e+00
-8.377155194267666971e+00 1.119186415688626113e+01
1.226944915999573738e+01 -4.973714222078324809e+00
1.633404928693754954e+01 -2.423944826317773860e+00
1.054877401122456249e+01 -5.034043562799439542e-02
-8.216426025715064085e+00 1.164003805907771749e+00
-2.810258835821507262e+00 -6.819366542702349321e+00
-4.987572510309243867e+00 -1.172642813408364049e+01
-7.924205574019168807e+00 -9.001787661630084258e+00
1.277187877071737532e+01 4.042405187732938998e+00
1.410280548030569747e+01 -5.267922508174320839e+00
1.095120474504407326e+01 1.915972189380575230e+00
1.451619338361373224e+01 2.704676763381826277e+00
2.157126778145368462e-01 -9.654227727675415593e+00
7.029180783037343616e+00 4.656935572577459936e+00
4.847533756774247138e-01 -1.427350095437786059e+01
1.821386662256511357e+00 -7.062487768199762428e+00
5.612432830042731524e+00 1.251776385930191537e+01
7.975144599078177521e+00 -1.683612042915280327e+00
8.608376181014023132e+00 1.042473922607775805e+01
1.924176517162724309e+00 -1.539526040343757707e+01
-5.949603251959516115e+00 9.286490984197257603e-01
-2.851689669254191983e+00 1.423109483007626253e+01
8.102797379319934379e+00 1.447771844565632904e+01
5.143322429205156254e+00 5.232781439305970395e+00
-1.172842544134306841e+01 1.043552141822986457e+01
-3.952562890392851358e+00 5.702747149197843868e+00
8.442110870618392937e+00 -1.292607111902010786e+01
-2.952958481832759219e-01 1.480610229280483026e+01
4.803172750991748785e+00 -1.376968339022926457e+01
3.656538836255869285e-01 -1.638121372706758905e+01
-1.606634582935361877e+01 -5.138630150357208493e-01
1.269028048273343146e+01 -1.183727750044802463e+00
1.211613747457413126e+00 1.544672423356303170e+01
5.115642296487205698e+00 1.071189907267517682e+01
-2.255999519493116168e+00 1.616388285009301029e+01
2.283585465603998443e+00 -2.789748500566915368e-01
1.610773498773891532e+01 -4.521717127056351870e+00
-3.221086578371673781e+00 -8.906774733574991387e-01
-1.605038817678963170e+00 -3.015778694431602958e+00
9.594032401991409387e+00 3.527450001803295265e+00
-8.906759496902072470e+00 7.508292382273729970e+00
1.327070721684152232e+01 -8.290254988748966269e+00
-1.755199501907114268e-01 -3.359212585895932079e-02
-1.950521335843284021e+00 1.190528078496931741e+01
-9.724945938290829872e+00 -1.312456016798170211e+01
8.439963210925100157e+00 1.985686522745265137e+00
-1.466634550485630939e+01 -5.462093752077992193e+00
-2.095493625083477696e-02 8.946243125254916606e+00
-1.054753057492471591e+01 -4.050208473130030740e+00
6.680698130115402478e+00 -3.482758169155165007e+00
4.131127186529084838e+00 1.423501283532132788e+01
1.281206872594330903e+01 1.035986443694385528e+01
-9.845255991005668506e+00 -1.853326182563495905e+00
-1.622272482329972121e+00 -1.131711308154802076e+01
-7.592480683173597811e+00 -2.298705371605930026e+00
-1.585930020661903583e+00 -9.786392152018667190e+00
-4.825899872435019944e+00 1.308801444992689866e+01
9.928951040482242973e+00 -4.383974216029036697e+00
3.863967113243031548e+00 1.575896081260626858e+01
-2.308197859177887779e+00 -1.371176417708491257e+01
-2.092381462802002545e+00 6.182116622997952504e+00
8.295647931752295534e+00 7.000019903750498429e+00
-2.799985415506927922e+00 8.429610176172705138e+00
-3.092993155740876077e+00 1.048909085547517250e+01
1.287516608478341595e+00 -3.729588169596683045e+00
1.459236349445161807e+01 -1.835263063392888583e+00
-4.866558264063982620e+00 3.718121994888708315e+00
6.469018987900959416e+00 1.416035314887739105e+01
1.026229998205438321e+01 -1.041969904830176752e+01
7.235358980359993808e+00 -6.789611685061609947e+00
-7.953561498923285455e+00 -4.288105287842055802e+00
-5.155443314608753269e+00 -7.287989625934653048e+00
1.036008223994878463e+01 -1.253779301634268606e+01
7.072006223681729153e+00 9.570708544457122713e+00
-1.494582987045853173e+01 2.138320652987040660e+00
9.050277248899924132e+00 5.020575473297366642e+00
4.032822744643489443e-01 6.459050609389610287e+00
-1.397923779716409776e+01 5.248386598635690348e-02
-6.691009571447409598e+00 5.857117738534675766e+00
2.949656867051789533e+00 2.009182710196725452e+00
-4.338733923585905927e+00 -2.178394350902919996e+00
1.891771848449828042e+00 -5.421084905888600147e+00
5.448343285718852513e+00 1.548541342275591859e+01
-6.570735869908972404e-02 -1.119964745610304924e+01
9.539078313547815213e+00 1.206185957798840391e+01
1.119630400401359083e+01 -9.185602507948887663e+00
3.692965580439562245e-01 -7.581823425043150877e+00
5.333393685602132450e-01 3.046480915408970702e+00
-9.607732668139009391e+00 1.857035446811412527e+00
-4.456510571675856625e+00 -5.960606860178270239e+00
-4.647179558339603389e+00 8.467101067641898737e+00
-1.330166608600948130e+01 9.339283762008626866e+00
-6.183182820256314827e+00 1.073680932490333362e+01
3.328373930492745103e+00 -1.635711169210506455e+01
4.223177592310602080e+00 6.911187660940818489e-01
-1.325373073845761596e+01 1.533528945087908824e+00
-1.040650468390282057e+01 -9.310295913295590253e+00
-3.580182734729682181e+00 -1.607553903867186662e+01
1.065181540038551589e+01 -6.050276128615301729e+00
9.908673524486278694e+00 9.338582706048907056e+00
-8.960510632795116948e+00 9.747228045607641889e+00
1.294710035790126668e+01 -1.046838608350936006e+01
-8.244823278267018551e+00 5.920412054173173289e+00
-2.730422637743556535e+00 3.596072853368315947e+00
-6.396879987858564931e+00 2.866483010180797208e+00
-1.182393051472502066e+01 -4.894329080011930344e+00
1.539400892306686330e+01 -6.601325533314650329e+00
1.511079953433808498e+01 1.153917874611074978e+00
-3.184765857815889945e-01 1.671513609139161360e+01
-6.575611589272419621e+00 -9.654902522077861704e-01
-1.601449032369652770e+01 3.917023502926813450e+00
-1.642200585486362030e+01 1.508722802852435763e+00
-4.490172357611497134e+00 1.501299752278362831e+01
3.112565266441023937e+00 -1.390469624935493442e+01
-9.227145561999231305e+00 -5.190438090070401245e+00
-9.037713356692746558e+00 -7.641234445297687472e+00
-1.296078125885482280e+01 -3.161104283215170341e+00
-1.479447906713326510e+01 -1.939587148647802906e+00
6.938625000331040127e+00 -1.416672083995802467e+01
2.511970461634899010e+00 8.217664884666561420e+00
-1.640546828891876885e+01 -2.083641289276148001e+00
-7.727299679841610924e+00 -1.361850549817087419e+01
-1.115435674401487454e+01 -1.118991379160492272e+01
-1.192938416820420144e+01 -1.235787981718814876e+00
6.504937809980564367e+00 -1.140153418881451763e+01
-9.523534189165481223e-01 3.382559604937956266e+00
9.139935003526879598e+00 -9.232465316502407759e+00
-3.803498558573892296e-01 1.324420258220574098e+01
-1.458191184608242708e+00 9.594237360465299957e+00
6.550792725295544017e+00 6.853201989750495216e+00
-1.843537709072315067e+00 -1.555786316871892971e+01
1.315914678977634011e+01 6.092420457525633992e+00
-1.147773780523657905e+01 9.074595905068782997e-01
3.406794524455499129e+00 -6.931957487051640499e+00
-6.760076366503817269e+00 8.182742804810022363e+00
5.322156507225553668e+00 3.662345556621648512e+00
1.526360480952134679e+01 4.947642016508755347e+00
-1.144587771756800265e+00 -7.398705596788325067e+00
-1.324884220934897350e+01 3.290039269571188640e+00
-6.897623181771280088e+00 1.459566512421907447e+01
-6.874532207432457298e+00 1.212562510644906055e+01
-1.237668389858754026e+01 -1.014035309249693384e+01
3.323552691663039127e+00 1.065251646995964308e+01
1.128714236155613904e+01 8.247472906512005153e+00
-8.231680591300509775e-01 -1.722985850676922226e+00
-4.778063720153628680e+00 -4.437762651595420493e-01
7.187208951736579365e+00 2.845908100370561300e+00
1.253690642266075983e+01 -6.921959299067117044e+00
-1.576882229074256259e+01 -3.880232246541011065e+00
-1.440177496580438543e+01 -7.534127479879503042e+00
4.921297203057541481e+00 8.172303743922981312e+00
-1.046221434986931698e+01 8.348084059346700059e+00
-8.593354995167851840e+00 3.318410340485957732e+00
8.952461416875401312e-01 1.127240431160089429e+00
-9.031006579980669358e-01 -1.309004778275786762e+01
9.705460064429480838e+00 -1.374833165783133637e+00
-1.001499107954381884e+01 1.174355227540910818e+01
6.866059826904216123e+00 1.138199697212163741e+01
4.765210798049743346e+00 -1.196559840221080684e+01
-3.065705881652101894e+00 -4.775763457309068372e+00
8.372520131025694923e+00 -4.267881180527673735e+00
-3.220791600365899399e+00 6.227571726738574398e-01
-6.426730644472362641e+00 -4.695895373332076517e+00
-1.091635979186857952e+00 7.882282325766546194e+00
-1.183347236095227117e+01 5.165767091038343750e+00
4.074519507931416484e+00 1.266410912873489991e+01
-5.000843972923577851e+00 2.142555482186864424e+00
-1.358260222746393353e+01 -9.029005640312000480e+00
8.665395475566274541e+00 -1.104027211843562384e+01
-3.270628791429070148e+00 -8.749087044174189032e+00
1.479171073090522270e+01 7.679098411457559337e+00
-6.111173200656631721e+00 -2.802934316515173663e+00
-7.523874549475220164e+00 -1.190943424448117938e+01
1.738920944971027893e+00 1.104390948547555240e+01
5.495539679982840653e+00 -9.763570375702606441e+00
2.594559732570814958e+00 1.475047138715891748e+01
5.647264163813886739e+00 -1.501507070191502891e+01
1.662080059560749135e+01 1.969165397027349940e+00
-8.174431385837156228e+00 -7.107291865421743182e-01
1.183045495247498025e+01 -1.183974323698328490e+01
-3.462710262867084055e+00 1.226930145237915681e+01
-1.155687094298985151e+01 6.683186834006360044e+00
1.351852542021475045e+01 2.129469328810991158e-01
2.169792393469968772e+00 -8.539511596387464820e+00
-4.469828876905872050e+00 -1.457716785248346980e+01
8.468411653297458486e-01 -1.538289627331266729e+00
4.027024782160040672e+00 -8.354017633370929730e+00
-1.507890663187432700e+01 7.108700130836222542e+00
3.698841077512593500e+00 7.252378769944670012e+00
1.104189185264215922e+01 1.241514012737988537e+01
9.886357789577733257e+00 6.586931200986761326e+00
2.840737441399763696e+00 -1.164819042208941902e+01
-5.521256708277865854e+00 6.876671689010606769e+00
8.262453146410955185e+00 8.513709786791000766e+00
1.055972014651317181e+00 7.838733558364371135e+00
7.397816128418718051e+00 3.814325002656140384e-01
-4.646815928161462494e+00 1.017028590330170701e+01
1.510691627982313889e+01 -3.370463828758978764e+00
-3.155336662198919839e+00 -1.119824191270093650e+01
