# Antenna elements layout
# Station label: stn.318.E8-4
# Number of antennas: 256
# Station diameter: 35.00 [m]
# Antenna minimum separation: 1.50 [m]
# X[m]  Y[m]
-6.049113155173365897e+00 1.107463864812164900e+01
-7.818610937343571266e+00 -8.697669349525725124e-01
1.049059004244330850e+00 -1.219538493637647747e+01
-3.917647877733973161e+00 -6.162569213329250672e+00
1.519318928572902649e+01 -5.414003706699217489e+00
-1.239077191914834231e+01 8.556617692346993209e+00
-1.026838670004512544e+01 -3.986735787218536942e+00
-8.054914920692759495e-01 -8.149555086128211556e+00
1.146878693598104348e+01 -7.479920407303760399e+00
-1.363279742922616222e+01 -8.363376585687198883e-01
3.806782183609012549e+00 -9.060410214703058074e+00
1.359775454933885541e+01 8.615322236511101295e+00
-5.677939656856267447e+00 5.219008897279572068e+00
-5.682161703723059176e+00 -1.356687571122078850e+01
-1.135002901057408309e+01 2.452047862071736972e+00
-1.382925886743872113e+01 6.030141485133810875e+00
-9.361780181819435498e+00 3.752514436148469912e+00
-5.360051462452137372e+00 -1.163563307873609176e+00
-2.682983835539575423e+00 -1.411851140731199017e+01
1.362898915605215322e+01 -4.022844702563329378e+00
8.081667579912519273e+00 1.154727071672567718e+01
1.035718742650610480e+01 3.927913421405513361e-01
2.203848370271792589e+00 -6.071792535633713683e+00
-1.387371690071232955e+01 -2.477811150361354464e+00
1.520933368413646036e+01 5.846577242608969271e+00
-8.182056000967570242e+00 -4.874753649850939397e+00
-4.588299614618936317e+00 -1.036424886065174533e+01
-1.099749700653446816e+01 -7.768522582292867185e+00
-3.021362751776521804e-01 1.612187106315036544e+01
-5.183705205386528903e+00 1.409433035291815983e+01
-8.595310174213381060e+00 5.555564155118290159e+00
-1.660316946709384567e+00 -8.245112741698790160e-02
-4.152636041162756086e+00 1.369050502247926460e+00
-7.883771894122162394e-01 -3.915040930461175961e+00
5.189034107022099107e+00 6.455763006328194109e+00
-1.339888568007587466e+01 -4.490284566484481488e+00
-7.427612715226628026e+00 1.439127195190280872e+01
-1.103675857643185765e+00 -1.208394261369054590e+01
1.051873904971002460e+01 4.181547008641260277e+00
4.612139552109354668e+00 -1.534423056424435927e+01
-6.522586142837702994e+00 -2.570615045681277522e+00
7.181306544601955721e+00 -1.306202069094332607e+01
2.747602363185780661e+00 1.309320722494006972e+01
2.544988726695244452e+00 -1.185958494078893821e+01
1.210352278536184656e+00 1.366473527698360613e+01
-1.119472673267786433e+00 1.115238636108529491e+01
1.438878445630918179e+01 2.492487695124978586e-02
2.257641319754611686e+00 -3.310491039623141063e+00
-5.243046720659611637e+00 2.649343660458729488e+00
-2.685204803114642047e+00 1.435389209058039484e+01
6.755243694250435027e+00 -5.185079193479602111e+00
-5.921585023053015817e+00 7.743223237220693278e+00
2.577633901797042881e+00 1.609795991126283354e+01
1.433886492421440195e+01 3.324951728612766999e+00
1.064234166196464670e+01 1.928380091487937875e+00
-1.634006192162397753e+01 -3.495330409678985006e-01
6.107622424554133289e+00 1.478962944847340566e+01
1.185645009896852287e+01 -1.018726462122449306e+01
1.102948683680992303e+00 1.367787448808499562e-01
1.203590085238878871e+01 -8.041367153291609782e-01
2.342375979997619595e-01 5.550102664734684055e+00
3.573839098570555706e+00 -5.205187329338677671e+00
-1.315767893151498669e+00 7.630068774602602133e+00
1.324837892605542322e+01 -9.351297506556505823e+00
-1.715879649050279454e+00 5.536031435905940157e+00
6.158871119944542727e+00 2.885818775365898148e+00
-7.249850423160335566e+00 8.536607379035725529e+00
-4.451367359941187374e+00 1.222098181329609901e+01
6.844711343220183153e+00 1.000218737654314083e+01
-3.189632766194222313e+00 -3.669040351590778570e+00
4.565112145995055215e+00 1.001909577636652315e+01
-1.370241428083097901e+00 -9.549862433183225363e+00
8.578425384579229984e+00 -1.124911527240783471e+01
-5.817911311046795930e+00 -9.331446253375396793e+00
-1.013677836619748618e+01 9.990297204648260987e+00
1.326516326538499868e+01 5.529209670488626216e+00
1.802049457566798907e+00 1.010766070717189535e+01
-2.214062326517094448e-01 1.236100535005002143e+01
-1.088359469085510511e+01 -5.697577474433805023e+00
9.839574596468839474e+00 1.180660282062006061e+01
6.884969029903537319e+00 -9.081319391511183170e+00
-1.523585109731882881e+01 -5.087502579052729956e+00
1.018623699643459091e+01 1.031127270397939100e+01
2.294578047421406808e+00 7.014446049719804677e+00
6.260109265285560554e+00 -1.394879063594615332e+00
2.678896606973854233e+00 -1.636973601789897259e+01
-9.162843231619445916e+00 -1.541935819818506914e+00
-1.326443418767014037e+01 -7.419903380890538358e+00
-1.145356370427880677e+01 5.857546563600628531e-01
2.612564769810738596e+00 -1.440241575056480983e+01
2.195858820710093084e+00 4.124456991874136946e+00
-1.006336991563824057e+00 1.458250490442611635e+01
-1.433538837019064260e+00 2.127449560589116828e+00
4.334290838598526818e+00 -2.247148860391554592e+00
1.422912931106829859e+01 -7.970135285089712696e+00
-1.191619570643928938e+01 -2.767189152788189332e+00
3.750127346116265414e-01 -5.873327944255162691e+00
-8.622643336871435693e+00 -7.365177849890772066e+00
-3.617806991721247201e+00 4.333110204691692502e+00
-9.171010237544685140e+00 -1.186832697899858502e+01
1.602113031951165567e+01 -3.453311271151825679e+00
6.087565758902517388e+00 1.079856788587385097e+00
5.052609087854321501e+00 4.639195217668554250e+00
2.974496367015571963e+00 8.701196934873333788e+00
3.069376945404265200e+00 1.457441684342937549e+01
-7.223645931137021137e+00 1.287876268816055614e+01
-1.484423594007776792e+01 -7.306983105485489460e+00
5.853716355582157860e+00 1.322749713745470501e+01
6.691124346709212745e+00 7.238349253327076127e+00
-2.549303870359526769e+00 9.772674433607612343e+00
-1.732909394942126369e+00 1.256011508131801335e+01
-1.568370281026755819e+01 3.887186317356938758e+00
-8.148926241199092146e+00 1.135710637275967017e+01
2.516652674130764211e+00 -1.750836946251940418e+00
-1.035771056688700753e+01 -4.583054664639263365e-01
-1.567326872993128362e+01 -3.112881517576809642e+00
-1.054991246067535116e+01 7.223993325668345733e+00
5.773335305203239898e-01 7.155484328315228737e+00
-4.005411245516905083e+00 1.597582185584568037e+01
7.360797699957824847e+00 -3.333298650273983199e+00
-8.661575924387033609e+00 -9.176247621269173038e+00
8.643401510860716286e+00 -5.866336878419945222e+00
9.666126689871074262e+00 -2.308391458936000618e+00
-1.354111144836645053e+01 7.843154455922949353e-01
-6.279752778344773745e+00 -6.682298611201019867e+00
1.039620405719512064e+01 -3.905861559731146571e+00
8.742507514355573051e-01 8.674533760063507515e+00
4.297180857123731101e+00 8.301143719400982945e-01
1.172353177771642052e+01 9.169764967355394703e+00
-3.478159592859363158e+00 -1.934389322609296968e+00
-7.129584760133761634e+00 2.730830004428558055e+00
1.252233956676770177e+01 3.153126964136113486e+00
-1.899856681067754849e+00 -2.541930769488590869e+00
-1.196338991889471615e+01 -8.916407191334343452e+00
2.365541685108709657e-01 -1.544889533126814385e+01
-3.690196914335729161e+00 7.896147556437817627e+00
8.008487488382527886e+00 8.806673094554412273e+00
-1.214352766342775247e+01 4.298050976049491823e+00
9.812885911373399495e+00 -1.230536062484879167e+01
-1.218982670361772591e+01 1.060814619202472997e+01
4.301898946542141999e+00 -1.137947882054133508e+01
-3.223425855280702024e+00 -7.646314405404316616e+00
8.094273016095364426e+00 1.963455017600480801e+00
9.675916390329390993e-01 1.683014834709215535e+00
9.887711600828744452e+00 -1.025291270659210596e+01
-4.484752001557021472e+00 1.038768761723478917e+01
-1.167322266596880098e+01 6.036315282896108414e+00
-7.124369093005832099e+00 -1.495311135473964725e+01
9.458839339752099562e+00 3.012921826413958115e+00
4.808768431051646530e-02 3.707366605084477129e+00
1.218335522936581583e+01 7.274651742192155268e+00
-6.434548227780078733e+00 1.171911649714733272e+00
1.068570568574519442e+01 6.719317204960827183e+00
8.926233266014062195e+00 -6.041419818515478823e-01
-4.808939006837345431e+00 -4.378660053723598011e+00
-2.999782846778487055e-03 -1.027117948537928349e+01
5.126194834814373991e+00 1.171752928713585007e+01
6.377274697058101793e+00 -1.526186215759176434e+01
-1.298871739899794164e+01 2.606713126609164988e+00
1.174075895500294209e+01 -2.643754510943820080e+00
3.325481998515432025e+00 1.991887033495629566e+00
-2.918047348382216910e+00 -1.604424613402407118e+01
-1.021732797825691819e+01 1.151655330078460437e+01
-5.013208777654243775e+00 -1.542884553512229751e+01
7.729751947879819340e+00 3.787669929037512873e+00
-8.370121031947448387e-01 -1.419252303347365185e+01
8.065619549373280961e+00 1.358802815955494836e+01
-9.258967728086748394e+00 1.668622206897413918e+00
-6.166564741283050211e+00 -1.113661437271470334e+01
7.094136560585990736e+00 -7.032335443976915457e+00
1.210132831312807511e+01 -4.549110635915226908e+00
5.628985595684682153e+00 -1.262592151014482411e+01
-1.509307466520405328e+01 1.047718967736422258e+00
3.728027425813962736e+00 3.643366904926409688e+00
1.547882928455511120e+01 1.741320003332042177e+00
9.152321590305422916e+00 -8.091062751036066203e+00
4.410990108925314956e+00 1.596439726985060759e+01
-1.097274195107878114e+01 -1.023607580884091206e+01
1.587124914703709777e+01 -8.455818878511500714e-01
-8.467884630058845730e+00 7.581711450520966622e+00
1.707455136677257457e+00 -1.023247929692712432e+01
1.485376217274546917e+01 -2.340656411594666864e+00
-1.234857122497282234e+01 -1.096557218079325224e+01
8.991786170374464149e+00 6.172269782835726915e+00
5.450251576792048525e+00 8.749253289265986666e+00
2.953532187760771421e+00 1.150617682066839009e+01
1.352485546477680600e+00 -8.739503225695163025e+00
-1.563372062486742742e+01 5.966620783073796730e+00
-3.226851088365840781e-01 6.703048104632784998e-01
6.655669546703180117e-01 -3.388248629399894796e+00
9.798335343657551988e+00 1.334227197279952293e+01
1.328250444825981091e+01 1.057806829381227942e+00
-9.086752124584345225e+00 -1.363313049262222876e+01
-4.040631136087284858e+00 6.069189058181134300e+00
3.653890029945948470e+00 5.983619177009217083e+00
7.322429263537443944e+00 -6.386943243299825212e-02
-1.999944201792574816e+00 -4.938974336438350932e+00
7.976731228207107449e+00 -1.876848678434946294e+00
1.330593819346821860e+01 -5.648508143055629205e+00
-3.172764715186373152e+00 -1.871595903837075525e-01
5.614352873878839745e+00 -1.035674478149155853e+01
-2.276807619225380108e+00 1.595617670951985190e+01
3.307209349534296905e-01 -1.409326280267492848e+00
4.820191420270841576e+00 -7.251282176392304990e+00
1.585961464772015006e+01 4.344413317021551535e+00
1.172256170168395428e+01 1.161878347268234180e+01
-1.418865231898477752e+01 -8.833009875530699162e+00
5.688028611430006265e+00 -3.653691554271528474e+00
-9.347424124268323808e+00 1.376058324057684601e+01
7.703547572768201235e+00 -1.453689791699722633e+01
-4.982433020351098918e+00 -7.625008882538331534e+00
-2.574397412510162297e+00 -1.077069496331970733e+01
-1.440936679285025157e+01 7.599278705754411334e+00
1.016132089919532788e+01 -6.188257159322770207e+00
4.268972640131977414e+00 -1.345516682370364947e+01
-7.258462550955911752e+00 -1.309468253667792581e+01
4.865996367084221674e+00 -6.803317876293633049e-01
-6.938254770438350150e+00 4.314567814308073679e+00
1.139288364429803835e+01 -1.196976260770027878e+01
-1.106401138739136947e+01 -1.194543718342693239e+01
-7.075976555680535185e+00 6.026493275185945464e+00
1.237849408978135557e+00 -1.374605182572804551e+01
-1.385053639147242066e+01 4.491384102438587433e+00
-7.318164838243308878e+00 -8.475880729627252919e+00
7.232345316834322801e+00 5.506338599759654784e+00
-1.656989983896646734e+01 1.760756228006801649e+00
-1.786378658554745869e-01 9.766431315868182139e+00
9.837877904637689852e+00 8.569469008942498078e+00
-4.863788008951230424e+00 -1.219469745726483723e+01
-2.874885230827770144e+00 -1.244001400169933014e+01
4.644148001203792120e+00 1.415817917806773352e+01
-1.547776824940610751e+00 3.847305964356937835e+00
2.685949543516237270e+00 5.782297898169730388e-01
-8.260580507448498366e+00 9.665906999523595999e+00
3.090886675857536403e+00 -7.532147195850450672e+00
-8.645955165669549913e+00 -3.159449038939479593e+00
1.310347473764205972e+01 -1.864614437799218649e+00
-7.871732556385587998e+00 -1.049652330441833570e+01
-4.893118660310758372e+00 8.893073321950740961e+00
1.288085808036656132e+01 1.053425708393740834e+01
-1.331985160989859196e+00 -1.607006820388024693e+01
-3.010524910520963715e+00 -9.146289784724922711e+00
-5.724202540383014792e+00 1.549476562342987762e+01
-1.058651210459810521e+01 4.780774025549369810e+00
9.312999752198223291e+00 -1.384797287743885974e+01
1.375681239263594335e+01 7.066963048523298596e+00
1.670850742021894320e+01 4.445906666854391176e-01
5.137090923174405077e+00 -5.639681065962143691e+00
-3.380909006077187584e+00 2.825615354364899190e+00
-6.905047320968265012e+00 -4.029845068846837464e+00
-9.314435506014591581e+00 -5.923198132009471095e+00
-5.033886936426714698e+00 -2.849620236982277177e+00
1.322465550372115217e+00 1.167995953360056660e+01
-1.194913201948105197e+01 -1.040211621574123058e+00
8.690907691909938393e+00 -4.094451538979820171e+00
-1.244943999618627828e+01 -6.040222680852179948e+00
